1
0.936883
0.87749
0.821477
0.768649
0.719328
0.673604
0.631126
0.59139
0.554867
0.520739
0.489629
0.461019
0.434089
0.409094
0.384942
0.362521
0.341816
0.322735
0.305263
0.289176
0.273913
0.259327
0.245846
0.233592
0.222407
0.212011
0.202465
0.193194
0.183358
0.174014
0.165099
0.157083
0.148881
0.140834
0.13278
0.12561
0.118543
0.1128
0.107649
0.102897
0.0983975
0.0945638
0.0908305
0.0870591
0.0826824
0.0779967
0.0729249
0.0683929
0.0637785
0.0594699
0.0554858
0.0519218
0.0487547
0.0455579
0.042503
0.0394765
0.0365664
0.0339177
0.0314184
0.0291853
0.0277149
0.0259942
0.0247036
0.0236604
0.0226571
0.0211484
0.0201837
0.0193935
0.0183808
0.0175428
0.0167962
0.0157963
0.0145241
0.0125826
0.0111949
0.0103349
0.0101575
0.0103192
0.0107489
0.0114591
0.0120518
0.0129845
0.0130104
0.0140677
0.0148142
0.0154594
0.0154222
0.0159751
0.0161332
0.0157038
0.0152917
0.0151414
0.0146197
0.0134845
0.0124204
0.0119939
0.0114421
0.0102108
0.00838521
0.00690524
0.0059369
0.00554579
0.00547756
0.00472081
0.0036484
0.00258201
0.00191644
0.00162403
0.00201001
0.00277069
0.00352652
0.0046922
0.00559255
0.00608671
0.00648869
0.00664333
0.00637245
0.00632101
0.00648954
0.00634338
0.00615036
0.00621824
0.00626943
0.00626196
0.0061442
0.00591933
0.00580592
0.00571633
0.00544536
0.00523727
0.00495275
0.00370502
0.00231144
0.000446397
-0.00127309
-0.00298476
-0.00410292
-0.00466748
-0.00521294
-0.00586223
-0.00657047
-0.00637753
-0.00573882
-0.00462114
-0.00339442
-0.00213259
-0.000728942
0.000826552
0.00243618
0.00344204
0.00441131
0.00527441
0.00544326
0.00505041
0.00455596
0.00443256
0.00421088
0.00361605
0.00317086
0.00221187
0.00130069
0.000897925
0.00120584
0.00181031
0.00286392
0.00430847
0.00562667
0.0064062
0.00769776
0.00851322
0.00871375
0.00894498
0.00895851
0.00945315
0.00947244
0.00934398
0.0094075
0.00998248
0.00971686
0.00972658
0.00993507
0.010437
0.0110361
0.0112905
0.0116209
0.0111346
0.0106987
0.0096396
0.00929903
0.00927142
0.00912112
0.00903329
0.00860846
0.00801764
0.00776032
0.00670452
0.00519801
0.00401668
0.00348491
0.00329496
0.00386866
0.00442011
0.00498324
0.0050431
0.00502013
0.00450432
0.00399083
0.00319532
0.00222842
0.00145846
0.000281451
-0.000341541
-0.00130016
-0.00232891
-0.00305622
-0.0039311
-0.00469158
-0.0060842
-0.00694013
-0.00853009
-0.0103036
-0.0120238
-0.0135476
-0.0150823
-0.0164643
-0.0178009
-0.0189673
-0.0200838
-0.0214716
-0.022686
-0.0236323
-0.024263
-0.0245449
-0.0245379
-0.0248743
-0.0255
-0.0258317
-0.0264289
-0.0267413
-0.0265435
-0.0261233
-0.0258625
-0.0252311
-0.0250736
-0.024914
-0.0247132
-0.0248471
-0.0247824
-0.0240025
-0.0233478
-0.0226452
-0.0215073
-0.0204812
-0.0195473
-0.0181267
-0.0167749
-0.0152087
-0.0131623
-0.012242
-0.0120221
-0.0117302
-0.0118696
-0.0123662
-0.0129543
-0.0133129
-0.0140516
-0.014797
-0.0156789
-0.0164478
-0.0171647
-0.017543
-0.0180756
-0.0187104
-0.0189924
-0.0186214
-0.0184544
-0.017711
-0.0167866
-0.0161102
-0.0147951
-0.0135631
-0.0129467
-0.0119314
-0.0111192
-0.00998227
-0.00917934
-0.0080025
-0.00687553
-0.00576105
-0.00447371
-0.00285714
-0.00193516
-0.00151911
-0.000558375
0.000197072
0.00118862
0.00199604
0.00281106
0.00342084
0.00397441
0.00476435
0.00578026
0.00677145
0.00798524
0.00955434
0.00992609
0.00947165
0.00920177
0.00853525
0.00799285
0.00772879
0.00725361
0.00726904
0.00710148
0.00650713
0.00637236
0.00657782
0.00758381
0.00828045
0.00895516
0.00936958
0.00913406
0.00889862
0.0087546
0.0087335
0.00810319
0.00702039
0.00646463
0.00603036
0.00594448
0.00590853
0.00552521
0.00544027
0.00592439
0.00616377
0.00578422
0.00580926
0.00453915
0.00313644
0.00196028
0.00106744
0.000668029
-0.000613194
-0.00198312
-0.0029274
-0.00367403
-0.00377079
-0.00367367
-0.00365092
-0.00367646
-0.00339127
-0.00378342
-0.00385383
-0.00309291
-0.00288058
-0.00261102
-0.00201855
-0.0012133
-0.000868377
0.000523642
0.00165942
0.00186945
0.00196089
0.00186457
0.00196195
0.00164062
0.00149514
0.00143808
0.001199
0.000950188
0.000754263
0.000552813
0.000157774
7.09924e-05
0.000120559
0.000378761
0.000211139
0.000409729
0.00105965
0.000840009
0.000265567
0.000146775
0.000145018
1.71845e-05
-6.275e-05
-0.000166077
-0.000390144
-0.000918266
-0.00144438
-0.00231718
-0.00321558
-0.00432536
-0.00594453
-0.0076116
-0.00895861
-0.00985768
-0.0101597
-0.0105803
-0.0108169
-0.0108589
-0.0104967
-0.00993411
-0.00912063
-0.00841824
-0.00810651
-0.00768586
-0.00723768
-0.0069994
-0.0071652
-0.0069029
-0.00632581
-0.00654307
-0.00745654
-0.00772603
-0.00769811
-0.00709498
-0.00714418
-0.0069072
-0.00680302
-0.00742718
-0.00811969
-0.00848097
-0.00870775
-0.00869095
-0.00813157
-0.00766779
-0.00797718
-0.00788588
-0.0073801
-0.00740269
-0.0075355
-0.00737466
-0.00733834
-0.00704923
-0.00663945
-0.00623784
-0.00595163
-0.00516245
-0.00452875
-0.00377529
-0.00298347
-0.0014545
-0.00025567
0.000392357
0.00121612
0.00204756
0.00286173
0.00348915
0.00522537
0.00675992
0.00806004
0.00895213
0.0100523
0.010462
0.0109025
0.0110359
0.0114046
0.0109468
0.010689
0.010924
0.0100567
0.00919185
0.00867245
0.00789312
0.00736078
0.00645978
0.00593652
0.0056529
0.00553289
0.00543316
0.00570111
0.00649784
0.00737395
0.00814685
0.00864976
0.00888255
0.00868916
0.00887593
0.00907206
0.00965654
0.00998626
0.0102874
0.00924565
0.00866505
0.00765386
0.00716733
0.00718498
0.00722256
0.00679426
0.00525483
0.0041399
0.00316977
0.00169585
-0.000198119
-0.00176798
-0.00277446
-0.0039443
-0.00445267
-0.00505159
-0.00624025
-0.00707119
-0.00779697
-0.00825055
-0.00882797
-0.00889616
-0.00833764
-0.00785973
-0.00723429
-0.00685264
-0.00658666
-0.00723623
-0.00763959
-0.00805155
-0.00848799
-0.00881598
-0.00859232
-0.00869116
-0.00819665
-0.00761581
-0.00699888
-0.00682452
-0.00676642
-0.00658839
-0.00648594
-0.00596216
-0.00580713
-0.00542761
-0.00524171
-0.00537961
-0.00527264
-0.0049808
-0.00479965
-0.00486343
-0.00460538
-0.00459346
-0.00423742
-0.00458979
-0.00487274
-0.00531432
-0.00631367
-0.00715681
-0.00776825
-0.00774468
-0.00772949
-0.0077009
-0.0078829
-0.00729457
-0.00588489
-0.00469119
-0.00376089
-0.00295884
-0.00211993
-0.00158528
-0.000441806
0.00055499
0.000810396
0.00150316
0.00178353
0.00211398
0.00228474
0.00281197
0.00296009
0.00279257
0.00293045
0.00345329
0.00301954
0.00306416
0.00312522
0.00363334
0.00418599
0.00423824
0.00385368
0.00314605
0.00203267
0.00140614
0.000567693
-4.98156e-06
-0.00079328
-0.0011656
-0.00208924
-0.00340497
-0.00447714
-0.00565601
-0.00665713
-0.00737921
-0.00755873
-0.00749503
-0.00704904
-0.0066404
-0.00605875
-0.00562091
-0.00530652
-0.00509358
-0.00515658
-0.00481896
-0.00492801
-0.00507549
-0.00569324
-0.00654729
-0.00754213
-0.00859253
-0.00889909
-0.00938765
-0.00934186
-0.00929924
-0.00922419
-0.00894445
-0.00805069
-0.00666825
-0.00536052
-0.00382818
-0.00341926
-0.00281594
-0.00198066
-0.00117613
-0.000558585
-6.59797e-05
0.000708806
0.00166533
0.00223348
0.00279838
0.00350822
0.00403255
0.00434961
0.00458556
0.00502583
0.00566353
0.00558667
0.00541012
0.00557546
0.00595432
0.005929
0.00621639
0.00657971
0.00632926
0.00592268
0.00587481
0.00592342
0.00694717
0.00786463
0.00846884
0.00852445
0.00874889
0.00910639
0.00964159
0.00988814
0.0105744
0.0108277
0.0117682
0.0128254
0.0130833
0.0132541
0.0133884
0.0140748
0.014474
0.0150383
0.0151446
0.0146745
0.0143198
0.0139498
0.0138258
0.0137083
0.0140062
0.0146485
0.0151336
0.0157535
0.0161654
0.0164411
0.0168908
0.0172338
0.0175109
0.0180704
0.0183379
0.0178955
0.0173814
0.0168757
0.0165509
0.0156
0.0143361
0.0128115
0.0114278
0.00996612
0.00896963
0.00820395
0.00709488
0.00576649
0.00514027
0.00448767
0.0034873
0.00221831
0.000894153
7.74759e-05
-0.000815228
-0.00179669
-0.00260552
-0.00344473
-0.00452627
-0.00562087
-0.00689228
-0.00758132
-0.00813075
-0.00844356
-0.00900425
-0.00916071
-0.00911045
-0.00946708
-0.00957888
-0.00970857
-0.0101082
-0.0103987
-0.0105511
-0.0104722
-0.0101107
-0.00972595
-0.00935364
-0.00834182
-0.00735985
-0.00642485
-0.00559886
-0.00459725
-0.00316359
-0.00182329
-0.00109102
-0.0006649
-0.000318483
1.08625e-05
0.000544105
0.00115324
0.0012805
0.00153547
0.00125127
0.000852416
0.000294679
-0.000607998
-0.000853726
-0.000328159
0.000146991
0.000272656
0.000629334
0.000965425
0.00105461
0.000260998
0.000155538
0.000718683
0.000889491
0.00135013
0.00110419
0.000587204
0.000135013
-0.000537016
-0.000698062
-0.00137887
-0.0017582
-0.00190919
-0.00221609
-0.00243264
-0.00277559
-0.00316257
-0.00341979
-0.00359716
-0.0042975
-0.00495587
-0.00581387
-0.00694108
-0.00707453
-0.00784285
-0.00817202
-0.00827685
-0.00837083
-0.00793324
-0.00730319
-0.00672337
-0.00597553
-0.00539719
-0.00524622
-0.00517755
-0.00500153
-0.00549325
-0.00526247
-0.00463982
-0.00437051
-0.00406408
-0.00366286
-0.00276096
-0.00124424
-0.000478499
-0.000199646
0.000146766
0.000655167
0.00137686
0.00182318
0.00313253
0.00410619
0.00487237
0.00487467
0.0038395
0.00284486
0.00202315
0.00122202
0.000378183
-0.000168711
-0.000774252
-0.00177946
-0.00164716
-0.0013695
-0.00132351
-0.00050005
0.000649973
0.00156271
0.00243762
0.00269833
0.00264129
0.00256255
0.00237806
0.00191764
0.00126913
0.000362658
-0.000652613
-0.00187293
-0.00349583
-0.0049746
-0.00542321
-0.00629743
-0.00724811
-0.0073835
-0.00705504
-0.00688406
-0.00642189
-0.00621567
-0.00573778
-0.00511103
-0.0043771
-0.00412819
-0.00359431
-0.0032655
-0.00275694
-0.00189079
-0.0012084
-0.000460927
0.000195621
0.000600273
0.000719285
0.000773885
0.000758419
0.000390678
0.000180449
0.000105711
-6.33945e-05
-8.88077e-05
-0.000203255
-0.000591934
-0.000545107
-0.000299695
-0.000463169
-0.000228932
0.000229964
0.000611821
0.00115757
0.000699581
0.000165629
-0.000788632
-0.00249468
-0.00422827
-0.00518261
-0.00635508
-0.00763686
-0.00824185
-0.00856364
-0.00841966
-0.00824919
-0.00783416
-0.00785693
-0.00716146
-0.00641374
-0.00548555
-0.00499352
-0.00484321
-0.004888
-0.00449295
-0.00426272
-0.00435965
-0.00454073
-0.00500056
-0.00583619
-0.00619779
-0.00672239
-0.0071627
-0.00795564
-0.00820472
-0.00876479
-0.00868211
-0.00897378
-0.0101016
-0.0112936
-0.0121466
-0.0123934
-0.0124873
-0.012502
-0.0119764
-0.0115303
-0.0110095
-0.0107366
-0.0110997
-0.0115894
-0.0108109
-0.00982009
-0.00960106
-0.00906536
-0.00846739
-0.00770143
-0.00678514
-0.00610992
-0.00528923
-0.00570446
-0.00676555
-0.00756044
-0.00778003
-0.00747343
-0.00703417
-0.00732829
-0.0073463
-0.00724278
-0.00745612
-0.00783529
-0.00817673
-0.00894495
-0.00924774
-0.00915029
-0.00820128
-0.00699374
-0.0068341
-0.00659908
-0.00653773
-0.00664275
-0.0063318
-0.00580437
-0.00475331
-0.00379583
-0.00250245
-0.000686522
0.000963969
0.00227352
0.00302454
0.00371298
0.00477037
0.00549428
0.00678814
0.00811157
0.00925259
0.0109425
0.0124662
0.0131181
0.0135953
0.0137472
0.0139569
0.0137994
0.0132762
0.0125173
0.0121592
0.0117295
0.0116054
0.0117818
0.0122214
0.0125896
0.0129529
0.0130612
0.0129359
0.0125678
0.0132834
0.0140049
0.0142345
0.0139813
0.0143078
0.0148223
0.0144433
0.0141901
0.0138782
0.0127507
0.0121265
0.0119586
0.0126647
0.0124268
0.0126681
0.0128228
0.0134107
0.0142961
0.0151273
0.0156243
0.0158002
0.0156132
0.0154185
0.0153079
0.0156623
0.0159302
0.0164253
0.0169303
0.0170443
0.0163144
0.0158998
0.0161699
0.0172247
0.0180548
0.0189787
0.0204925
0.0216482
0.0219576
0.0225889
0.0226332
0.0229957
0.0229422
0.0227533
0.0224775
0.0220327
0.0211312
0.0200621
0.0188259
0.0175317
0.0164288
0.0154494
0.0148355
0.0139434
0.0132628
0.012376
0.0117942
0.0122711
0.0120341
0.0121995
0.0120234
0.0122393
0.0128962
0.0130889
0.0135506
0.0136817
0.0136004
0.0129059
0.0120541
0.0108467
0.00928662
0.00798758
0.00741382
0.00706752
0.00618528
0.00516911
0.00424341
0.00298863
0.00183338
0.000707121
0.000239674
-0.000440621
-0.00158342
-0.00202931
-0.00228723
-0.00149529
-0.000648001
-0.000301007
0.000380431
0.000899069
0.00192997
0.00331157
0.00443735
0.00473843
0.004534
0.00480439
0.00564417
0.00617659
0.00691066
0.00747337
0.00767674
0.00757575
0.00773792
0.00824823
0.00927091
0.0098359
0.0104977
0.011264
0.0117798
0.0119822
0.0128371
0.0131554
0.0134584
0.0134599
0.0134729
0.0132339
0.0132579
0.013123
0.0132114
0.012895
0.0130186
0.0130256
0.0131558
0.0130955
0.0131152
0.0126909
0.0118591
0.0114117
0.0112648
0.0106086
0.00964461
0.00958561
0.00869981
0.00795675
0.00737968
0.00610513
0.00475568
0.00381128
0.00284431
0.00186053
0.000718067
-5.80834e-05
-0.00118907
-0.00219365
-0.0025473
-0.00267332
-0.00247064
-0.00269699
-0.00234025
-0.0020661
-0.00150146
-0.000822609
-0.000161504
0.000350685
0.000879584
0.00148964
0.00189354
0.0020433
0.00204977
0.00199709
0.0018248
0.000847858
0.000273137
-0.000971726
-0.00241134
-0.00285373
-0.00328773
-0.00358374
-0.00376995
-0.00397594
-0.00445446
-0.00559212
-0.00699464
-0.00825343
-0.00915367
-0.00923114
-0.0090044
-0.00844446
-0.00805745
-0.00745454
-0.00724243
-0.0075649
-0.00819062
-0.00854134
-0.00872789
-0.00927861
-0.0103407
-0.0103926
-0.0103483
-0.0102975
-0.010121
-0.0101945
-0.0104978
-0.0108208
-0.0113014
-0.0118212
-0.0120516
-0.0121836
-0.0120704
-0.0122868
-0.0120802
-0.0116879
-0.011145
-0.0103949
-0.00923505
-0.00819771
-0.00713119
-0.00582173
-0.0046632
-0.00392388
-0.0035773
-0.00384836
-0.00425126
-0.00425312
-0.00382561
-0.00355123
-0.00351608
-0.00363218
-0.00341745
-0.00315101
-0.00322413
-0.00361997
-0.0042908
-0.00457365
-0.00474335
-0.00445708
-0.00379415
-0.00289552
-0.00271172
-0.00264804
-0.002297
-0.00228146
-0.00215002
-0.00269945
-0.00290552
-0.00338871
-0.00332636
-0.00305584
-0.00257725
-0.00261778
-0.00208606
-0.00204144
-0.00174971
-0.00177215
-0.00113744
-0.000439946
0.000862223
0.00181322
0.00284126
0.00316891
0.00325853
0.00318011
0.00305096
0.00265556
0.00181348
0.000525138
-0.000735558
-0.00189163
-0.00278463
-0.00297776
-0.00354116
-0.00464135
-0.00578546
-0.00674046
-0.00777767
-0.00781892
-0.0083313
-0.00849648
-0.00876852
-0.00906232
-0.00877467
-0.00873851
-0.0092972
-0.0101658
-0.0107209
-0.0109119
-0.0113346
-0.0118522
-0.0122379
-0.0120028
-0.0120659
-0.012069
-0.0123584
-0.0124001
-0.0123917
-0.0125945
-0.0130146
-0.0133152
-0.0135365
-0.0141099
-0.0142833
-0.0143023
-0.0139439
-0.0143903
-0.0147286
-0.015635
-0.0163529
-0.0165947
-0.0168067
-0.0162209
-0.0154913
-0.01479
-0.0141724
-0.0132641
-0.012938
-0.0125524
-0.0124924
-0.0121328
-0.0109884
-0.0102378
-0.00927324
-0.00917617
-0.00918655
-0.00980394
-0.0103232
-0.0110113
-0.0115914
-0.0114184
-0.0113925
-0.0113405
-0.0115819
-0.0109942
-0.00979222
-0.0093729
-0.00928316
-0.00833141
-0.00735071
-0.00620806
-0.00489582
-0.00440998
-0.00425042
-0.00336236
-0.00239983
-0.00118388
5.59189e-05
0.00106315
0.00174343
0.00269533
0.00306424
0.00305658
0.00266842
0.00249156
0.00265321
0.00227604
0.00234853
0.00273208
0.00240448
0.00187882
0.00110628
0.000243063
-0.000948374
-0.00244899
-0.00438139
-0.00612418
-0.0085423
-0.0111455
-0.0135091
-0.0162321
-0.0183423
-0.0202678
-0.0220845
-0.0238456
-0.0254425
-0.0264626
-0.0273737
-0.0281715
-0.0293925
-0.0300989
-0.0310089
-0.031682
-0.0322266
-0.0326104
-0.0329686
-0.0333898
-0.0340093
-0.0345847
-0.0350059
-0.0346309
-0.0349174
-0.0344663
-0.0336399
-0.0323335
-0.0320275
-0.031917
-0.0316383
-0.0315523
-0.030737
-0.0299104
-0.029238
-0.0289664
-0.0293072
-0.0294581
-0.0290003
-0.0278497
-0.0269817
-0.0266144
-0.0258093
-0.025157
-0.0242581
-0.0231245
-0.0222141
-0.0204732
-0.0189164
-0.0173219
-0.0167401
-0.0163629
-0.0159796
-0.0158563
-0.0150098
-0.0143053
-0.0134636
-0.0122622
-0.0116526
-0.0110422
-0.010845
-0.0103042
-0.0101623
-0.00999338
-0.0100516
-0.0101335
-0.00965469
-0.00907099
-0.00882983
-0.00826575
-0.0083045
-0.00859356
-0.00899186
-0.00856865
-0.00837087
-0.00816081
-0.00752711
-0.00667829
-0.00612516
-0.00601681
-0.00626421
-0.00677712
-0.00711651
-0.00738534
-0.00753556
-0.00749837
-0.00747561
-0.00713979
-0.00713831
-0.00660971
-0.00611805
-0.00604481
-0.00615029
-0.00644301
-0.00673254
-0.00683877
-0.00674711
-0.00647913
-0.00581051
-0.00486263
-0.0044781
-0.00419003
-0.00359997
-0.00287819
-0.0022533
-0.00222753
-0.0028168
-0.00372794
-0.00371442
-0.00383736
-0.00360197
-0.00303379
-0.00260362
-0.00257773
-0.00179643
-0.000825217
0.000316696
0.0010688
0.0015404
0.00217611
0.00371825
0.00462616
0.00486602
0.00530742
0.00669875
0.00816074
0.0090533
0.00971447
0.0100723
0.010478
0.0105918
0.0100834
0.00957297
0.00925045
0.0083891
0.00758771
0.00653498
0.0054111
0.00416342
0.00230348
0.00133776
0.00112894
0.001078
0.000968595
0.000891107
0.0012128
0.00168737
0.00180249
0.00170802
0.00228942
0.0034159
0.00453333
0.00571237
0.0064682
0.0066596
0.00744072
0.00846985
0.00995813
0.0119722
0.0137804
0.0156091
0.0169749
0.0181342
0.0187097
0.0186831
0.018899
0.0189183
0.0180486
0.0167075
0.0159618
0.0152952
0.0146327
0.013523
0.0129083
0.0126043
0.0131347
0.0138024
0.0138615
0.0139174
0.0146476
0.0148243
0.0144868
0.0136002
0.0130185
0.0132318
0.0131913
0.0135186
0.0143266
0.015219
0.0164888
0.0176057
0.0190955
0.0205907
0.0220748
0.0226916
0.0237631
0.0249462
0.0255884
0.026439
0.0265798
0.0265286
0.0265584
0.0269621
0.0271616
0.0274268
0.0276224
0.0282103
0.0284996
0.0282003
0.0284698
0.0283954
0.0279755
0.0275822
0.0273004
0.0266259
0.0264311
0.0261364
0.025599
0.0253367
0.0254395
0.0243932
0.0239533
0.0233282
0.0225907
0.021963
0.0208521
0.0190826
0.0174461
0.015816
0.0147076
0.0140611
0.0131468
0.0124335
0.0121491
0.0121827
0.0124515
0.0125066
0.0125815
0.0129389
0.0130104
0.0132333
0.0133021
0.0130664
0.0130051
0.012804
0.0134601
0.0135053
0.0135605
0.0131304
0.0120773
0.0113875
0.0108267
0.0101914
0.0101838
0.011008
0.0116283
0.0114366
0.0116132
0.0121334
0.0122359
0.0120788
0.0115031
0.0109566
0.0106607
0.0102554
0.00914512
0.00824352
0.00742493
0.00678925
0.00543795
0.00412157
0.00261958
0.00155878
-1.67764e-05
-0.00124195
-0.00201935
-0.00302679
-0.00450121
-0.00567702
-0.00608325
-0.00604874
-0.0069346
-0.00748716
-0.00824811
-0.00886354
-0.0100924
-0.011005
-0.0117623
-0.0116072
-0.012226
-0.0131196
-0.0135477
-0.0146571
-0.0155587
-0.0158746
-0.0159382
-0.0163163
-0.0163651
-0.0165801
-0.0167807
-0.016858
-0.0165651
-0.0163909
-0.0153591
-0.0140653
-0.0127925
-0.0114323
-0.0105935
-0.00974057
-0.00899428
-0.00808223
-0.00761036
-0.0069135
-0.00686197
-0.00713254
-0.00709935
-0.00724188
-0.00736019
-0.00726481
-0.00687566
-0.0076511
-0.0086286
-0.00871874
-0.00912528
-0.00946473
-0.00938895
-0.00991956
-0.0116542
-0.0127416
-0.0136768
-0.0147897
-0.0148995
-0.0144552
-0.0137906
-0.0133503
-0.0133337
-0.0133588
-0.0131552
-0.0129932
-0.013022
-0.0126145
-0.0127898
-0.0133832
-0.0131827
-0.0126111
-0.0115234
-0.00959184
-0.00731992
-0.00505087
-0.00279903
-0.0010565
-2.61255e-05
0.000278452
0.000940772
0.00124396
0.00109992
0.00192175
0.00239958
0.00319075
0.00411826
0.00488098
0.00569798
0.00620263
0.00670262
0.00675799
0.00669415
0.00604113
0.00578061
0.00551372
0.00561956
0.00622215
0.00663024
0.00679208
0.00672017
0.00703095
0.00721282
0.00750903
0.0073457
0.00707513
0.00720437
0.00721148
0.00687206
0.0070625
0.00739067
0.0076703
0.00784416
0.00762382
0.00756546
0.00716922
0.0064449
0.00622543
0.00572559
0.00503401
0.00477835
0.00520407
0.00507136
0.00510855
0.00452729
0.00421586
0.0041461
0.00368116
0.00309214
0.00265184
0.00270729
0.00263108
0.0019137
0.0018209
0.00164799
0.00168938
0.00188994
0.00299681
0.00385481
0.0042993
0.00452495
0.0046877
0.00480592
0.00459159
0.00484586
0.00515511
0.00546647
0.00554664
0.00535711
0.00533224
0.00515194
0.00516586
0.00527337
0.00576911
0.00581635
0.00635977
0.00710814
0.00876396
0.0101351
0.010443
0.0103677
0.0110763
0.010857
0.010824
0.0104263
0.00948275
0.0089272
0.00846865
0.00808238
0.00763824
0.00749231
0.00748307
0.00764734
0.00683155
0.0067414
0.00692798
0.0069663
0.00748501
0.00779918
0.0086986
0.00951458
0.0100302
0.0103281
0.0100788
0.0100956
0.00954599
0.00958858
0.00938162
0.00928115
0.00894687
0.00853919
0.00776705
0.006951
0.00709394
0.00715529
0.00663681
0.00615724
0.00599369
0.00574235
0.00487573
0.0048919
0.00463379
0.00445126
0.00403039
0.00338745
0.00154365
-5.25288e-05
-0.00078605
-0.00125701
-0.0019199
-0.00238984
-0.0029901
-0.00333668
-0.00382981
-0.00359903
-0.00273831
-0.00162052
-0.000701477
0.000514911
0.00141617
0.00210774
0.00313435
0.00367839
0.00429992
0.00502165
0.00576724
0.00620179
0.00669667
0.00645034
0.0064714
0.00668128
0.00709965
0.0079229
0.00866375
0.00954536
0.0105575
0.0106314
0.0101357
0.00957739
0.00886555
0.00875818
0.00859518
0.00833741
0.00842508
0.00875257
0.00940827
0.00967933
0.0100321
0.0099185
0.00977072
0.0100384
0.0108127
0.0120971
0.0129639
0.0140474
0.0149505
0.0157549
0.016541
0.0173236
0.0179167
0.0184655
0.0189945
0.0192436
0.0191996
0.0193997
0.0198179
0.0194985
0.0190903
0.0192512
0.0192369
0.0194329
0.0191462
0.0186353
0.0181211
0.01727
0.0172556
0.0169278
0.0160623
0.014404
0.013084
0.0115344
0.00992125
0.00829165
0.00646587
0.00488982
0.00388875
0.0023454
0.00112447
6.55902e-06
-0.00059431
-0.000981619
-0.000994068
-0.00182594
-0.00308433
-0.00467731
-0.00615366
-0.00745919
-0.00890919
-0.0107544
-0.0130833
-0.0154019
-0.0175391
-0.0192081
-0.020447
-0.0210583
-0.021749
-0.022652
-0.023359
-0.0242278
-0.0249415
-0.0254225
-0.025165
-0.0244353
-0.0233039
-0.0220702
-0.0215632
-0.0207168
-0.0192616
-0.0191346
-0.0186031
-0.0183038
-0.0179837
-0.0180011
-0.0180599
-0.0186831
-0.0193654
-0.0203651
-0.021222
-0.0218409
-0.0219534
-0.0217635
-0.0203818
-0.0183802
-0.0166948
-0.0148719
-0.0132488
-0.0113991
-0.00974302
-0.00881092
-0.0079477
-0.00748337
-0.007088
-0.00663391
-0.00622585
-0.00547876
-0.00512696
-0.00451487
-0.0039942
-0.00298066
-0.00199322
-0.00109801
-0.000349552
5.00784e-05
0.000758074
0.000930839
0.000890655
0.000608638
0.000315766
-0.00031372
-0.00030793
-0.000598493
-0.000524689
-0.0001526
0.000730391
0.00188534
0.00252432
0.00303759
0.00348694
0.00343208
0.00352596
0.00355725
0.00399611
0.00468922
0.00471627
0.00419092
0.00420049
0.00449363
0.00462075
0.00537548
0.00568192
0.00603604
0.00663452
0.00674479
0.00720842
0.00737293
0.00728039
0.00672425
0.00624132
0.00612638
0.00641154
0.00645372
0.00609633
0.00520406
0.00467579
0.00426415
0.00392469
0.00347519
0.00280459
0.00202613
0.00158354
0.000957819
0.000111315
-0.000189946
-0.000322183
-0.00039688
-0.000418858
-0.000631781
-0.0009355
-0.00137048
-0.00216967
-0.00259403
-0.00293947
-0.00298693
-0.00357008
-0.00451921
-0.00592466
-0.00737674
-0.0090122
-0.0103408
-0.0110969
-0.011685
-0.0123732
-0.0130338
-0.0137862
-0.0143725
-0.0147186
-0.0155187
-0.0160629
-0.0160873
-0.0159132
-0.0145016
-0.0131458
-0.0116799
-0.0105005
-0.00918712
-0.00815974
-0.00755723
-0.00742105
-0.00719775
-0.00744049
-0.00815847
-0.00868127
-0.00886817
-0.00908043
-0.00896831
-0.00871701
-0.00824786
-0.00787632
-0.00741934
-0.00639974
-0.0051589
-0.00403487
-0.00313773
-0.00270008
-0.00178891
-0.000783669
-2.33605e-05
0.00165125
0.00353422
0.00532181
0.00735136
0.0086009
0.00967678
0.0101607
0.00998201
0.00956098
0.0097132
0.00976476
0.00884976
0.00758121
0.00599457
0.00463792
0.00299481
0.00182636
0.00107067
0.000226766
-0.000868126
-0.00213376
-0.00287102
-0.00373729
-0.00445062
-0.00478162
-0.00499912
-0.00557919
-0.0062157
-0.007455
-0.00851412
-0.00935075
-0.010434
-0.0111115
-0.0112515
-0.0113602
-0.0117684
-0.0119067
-0.0120398
-0.0125834
-0.0130108
-0.0134698
-0.0139113
-0.0137707
-0.0135545
-0.0135026
-0.0131054
-0.0121908
-0.0113471
-0.0109875
-0.0111088
-0.0115739
-0.0119971
-0.0126964
-0.0129048
-0.0135185
-0.0136632
-0.0130391
-0.0126064
-0.0124822
-0.011377
-0.00993207
-0.00815131
-0.00701293
-0.00676584
-0.00606836
-0.00564445
-0.00483893
-0.00432531
-0.00352452
-0.00360277
-0.00361946
-0.00389056
-0.00392091
-0.00420688
-0.00454924
-0.00525301
-0.0063817
-0.00763045
-0.00894354
-0.00954224
-0.0106391
-0.0128285
-0.0148928
-0.0168324
-0.0178352
-0.0183194
-0.0186832
-0.0187935
-0.018282
-0.0168581
-0.0151785
-0.0133792
-0.0110966
-0.00943041
-0.00776111
-0.00591319
-0.00430826
-0.00252983
-0.000453847
0.00160432
0.00360606
0.00568287
0.00725423
0.00919495
0.0109379
0.0124121
0.0133607
0.014279
0.0147074
0.0152733
0.0162234
0.017376
0.0183227
0.0195311
0.0192727
0.0193917
0.0200264
0.0206125
0.0212878
0.0215618
0.0221439
0.0227807
0.023129
0.0240188
0.0254215
0.0263761
0.0276653
0.0278995
0.0276342
0.0273171
0.0269004
0.0266404
0.0264375
0.0260611
0.0253609
0.0243998
0.0230579
0.0219104
0.0206107
0.0191941
0.018863
0.0177767
0.0156366
0.0138465
0.0127018
0.0117498
0.0113496
0.0108298
0.010539
0.00994047
0.00909706
0.00778307
0.00655533
0.00568286
0.00494188
0.003947
0.00341188
0.00323013
0.00282853
0.00192712
0.000635312
-0.000306388
-0.00135593
-0.00175611
-0.00201266
-0.0019948
-0.00162903
-0.00142714
-0.000726003
-0.000372143
4.30318e-05
0.000778967
0.00151322
0.00202388
0.00281543
0.00393361
0.00479243
0.00582817
0.00622672
0.00688798
0.00798393
0.0088304
0.00941569
0.0108414
0.0122621
0.0133548
0.0143217
0.0149268
0.015492
0.0159567
0.0162346
0.0163495
0.0166093
0.0163161
0.0157119
0.0148832
0.014054
0.0130493
0.0119087
0.0101175
0.00826207
0.00662922
0.00516942
0.00359102
0.00244959
0.00143433
0.00090673
0.00110244
0.00103599
0.00105943
0.000814051
0.00109575
0.00165113
0.00282747
0.00385142
0.00477941
0.0060038
0.00716519
0.00831455
0.00933704
0.0100472
0.0103872
0.010908
0.0113355
0.0111089
0.0108548
0.0101647
0.00877185
0.00732041
0.00512912
0.00272565
-0.000248596
-0.00238083
-0.00415968
-0.00577015
-0.00679242
-0.00766147
-0.00878447
-0.00963708
-0.0103971
-0.0115944
-0.0125908
-0.0126506
-0.0126956
-0.0126868
-0.013378
-0.0144206
-0.0168914
-0.0182826
-0.0192464
-0.0198699
-0.0203679
-0.0206064
-0.0207347
-0.0204009
-0.0203294
-0.0208597
-0.0214152
-0.0216028
-0.021473
-0.0216682
-0.0218785
-0.0227188
-0.0230761
-0.0245053
-0.0261285
-0.0277188
-0.0287571
-0.0290309
-0.0291969
-0.0294888
-0.0293456
-0.0293908
-0.0291827
-0.0287495
-0.0284726
-0.0279367
-0.0280179
-0.027912
-0.0280039
-0.0277591
-0.027205
-0.0269789
-0.0265638
-0.0261224
-0.0255721
-0.0245035
-0.0235006
-0.0218526
-0.0203316
-0.0185424
-0.0171097
-0.0160031
-0.0145391
-0.0137268
-0.0129675
-0.0120958
-0.0106521
-0.00910485
-0.0076433
-0.00581705
-0.00436859
-0.00271503
-0.000733468
0.000712068
0.00159631
0.00213656
0.00255545
0.00199784
0.00140134
0.000466345
0.000477283
0.000282242
0.000330744
0.000830683
0.00108661
0.00157698
0.00160007
0.00165621
0.00186245
0.00200214
0.00197389
0.00158056
0.00188896
0.00205102
0.00182604
0.00207583
0.00208912
0.00184573
0.00183011
0.00143417
0.00105482
0.000300355
-0.000498623
-0.00102251
-0.000779191
-0.000752292
-0.00122141
-0.000912205
-0.00125717
-0.00144702
-0.00180345
-0.00179809
-0.00178616
-0.00215575
-0.00299212
-0.00360748
-0.00374344
-0.00411983
-0.00405302
-0.00372445
-0.00366528
-0.00327685
-0.00333053
-0.00387346
-0.00448721
-0.00491101
-0.00482862
-0.00466978
-0.00408741
-0.00401241
-0.00476064
-0.00541628
-0.0064233
-0.00717845
-0.00774464
-0.00792849
-0.00785406
-0.00775648
-0.00731351
-0.00629767
-0.00527018
-0.00466704
-0.00477959
-0.00491752
-0.00495115
-0.00454437
-0.00383925
-0.00386287
-0.00380472
-0.00349332
-0.00275012
-0.00170114
-0.00125268
-0.000826372
-0.000155649
0.000427359
0.000545846
0.00123849
0.00141382
0.00144318
0.000868975
0.000173926
-0.000690396
-0.00108467
-0.00162179
-0.00265636
-0.00331471
-0.00457841
-0.0051005
-0.00492322
-0.00470626
-0.00419853
-0.00319054
-0.00300349
-0.00272105
-0.00224597
-0.00263562
-0.00247745
-0.00291299
-0.00328268
-0.00297379
-0.00245252
-0.00227385
-0.00269306
-0.00246335
-0.00225635
-0.00241927
-0.00255445
-0.00308508
-0.0038928
-0.00467795
-0.00644213
-0.00835714
-0.0101497
-0.0117179
-0.0129382
-0.0134912
-0.0142164
-0.0150253
-0.0150439
-0.0155961
-0.015782
-0.0158993
-0.0159875
-0.0157474
-0.0148914
-0.0141969
-0.0138772
-0.0132741
-0.0133487
-0.0138318
-0.0146386
-0.0147994
-0.015479
-0.0156847
-0.0151518
-0.0147659
-0.0142807
-0.013827
-0.0134589
-0.0124273
-0.0114157
-0.0109139
-0.0103869
-0.0101073
-0.00978592
-0.0102466
-0.0102866
-0.0101316
-0.00982733
-0.0089536
-0.00779262
-0.00621856
-0.00445471
-0.00399018
-0.00379853
-0.00364577
-0.00354877
-0.00370732
-0.00376868
-0.00341571
-0.00297546
-0.00249843
-0.00189104
-0.000163567
0.00164315
0.00337004
0.00477416
0.00575406
0.00592164
0.00607507
0.00575898
0.00529104
0.00559551
0.00554439
0.0063912
0.00669825
0.00722561
0.00735525
0.00759704
0.00820787
0.00871167
0.00911132
0.00999004
0.0104153
0.0111937
0.0116484
0.0121814
0.0120258
0.0116707
0.0112504
0.0113926
0.0120146
0.0133248
0.0153492
0.0172054
0.0184421
0.0190214
0.0196573
0.0199745
0.0197944
0.0194644
0.019024
0.0185872
0.0177729
0.0168042
0.0160011
0.0148311
0.013628
0.0126054
0.0115541
0.0108644
0.0096262
0.00903445
0.00830904
0.00788976
0.00759732
0.00812777
0.0089899
0.00944086
0.00979145
0.0104253
0.0109654
0.0111125
0.0112816
0.0116952
0.0119862
0.012095
0.0118272
0.0118668
0.0112565
0.0108721
0.0107002
0.0109879
0.0120094
0.0132449
0.0142918
0.0150321
0.0160457
0.0166182
0.0171941
0.0176628
0.0177512
0.0175064
0.0168307
0.0164552
0.0152692
0.0144772
0.014065
0.0134971
0.0131405
0.012862
0.0125375
0.0122703
0.0120696
0.011756
0.0112193
0.0104863
0.0101738
0.00960841
0.00916345
0.00929399
0.00870111
0.00748755
0.00674364
0.00630144
0.00575462
0.00596571
0.0058603
0.00603379
0.00598898
0.00572258
0.00588994
0.00617466
0.00691889
0.00757597
0.00770001
0.00740384
0.0069747
0.00614327
0.00504493
0.00374733
0.00245646
0.00114872
-0.000229715
-0.0014161
-0.00220233
-0.00214455
-0.00178801
-0.0011567
-0.000160312
0.000515986
0.00116966
0.00167277
0.00170399
0.00179266
0.00180157
0.00169129
0.0017357
0.00197985
0.00281849
0.00421662
0.00612415
0.00846741
0.00977733
0.010614
0.0115264
0.012216
0.0131397
0.0135718
0.013466
0.0132929
0.012995
0.0127977
0.0126515
0.0120499
0.0115455
0.0114864
0.011683
0.0110887
0.0107625
0.00995215
0.00949339
0.00838073
0.00784181
0.00668534
0.00523381
0.00449148
0.00332567
0.00238513
0.00106044
-0.000362252
-0.00150595
-0.00228002
-0.00323303
-0.00411159
-0.00496514
-0.00704814
-0.0077929
-0.0082258
-0.00841358
-0.00769735
-0.00658325
-0.0055859
-0.00391589
-0.00198511
-0.000285561
0.00125444
0.00323209
0.00467789
0.00482065
0.00474284
0.00458756
0.00535817
0.00550361
0.00570063
0.00513968
0.00532129
0.00519444
0.00545305
0.0061053
0.0069901
0.00838084
0.0102682
0.0123078
0.0143989
0.0162877
0.0173657
0.0178752
0.0176626
0.0179662
0.0180213
0.018324
0.0179683
0.0173738
0.0169321
0.015814
0.0147096
0.0128929
0.0110485
0.00972298
0.00757552
0.00555562
0.00346335
0.00166979
0.000371968
-0.00122562
-0.00251988
-0.00403118
-0.00630944
-0.00850581
-0.0106652
-0.0120953
-0.0129263
-0.0139197
-0.0149194
-0.0160029
-0.0166002
-0.017064
-0.0170353
-0.0171974
-0.0171828
-0.0171958
-0.0169623
-0.0169835
-0.0169383
-0.0161589
-0.0150477
-0.0141158
-0.0140756
-0.0145177
-0.0146756
-0.0136424
-0.0126743
-0.0118806
-0.0110653
-0.0106055
-0.0101914
-0.0098728
-0.00954948
-0.00938243
-0.00955668
-0.0103837
-0.011635
-0.0125395
-0.0137057
-0.0144707
-0.0149607
-0.0149585
-0.0146733
-0.0141471
-0.0132776
-0.0123109
-0.0108974
-0.00908124
-0.0070774
-0.00564049
-0.00410285
-0.00325546
-0.00236357
-0.00182626
-0.000894758
4.81143e-05
0.00109283
0.00219233
0.00357655
0.00516189
0.00628798
0.00703931
0.00699378
0.00691482
0.00639549
0.00621764
0.00724307
0.00771456
0.0079559
0.00834579
0.00905846
0.00938001
0.00992453
0.0109973
0.0113327
0.0108283
0.00941841
0.00750555
0.0060025
0.00509144
0.00438542
0.00313552
0.00200099
0.00121781
0.000439129
-3.67715e-05
-0.000235085
-0.000187905
-0.000837318
-0.0019282
-0.00278728
-0.00373983
-0.00421589
-0.00502872
-0.00528587
-0.0054506
-0.00559829
-0.00577328
-0.00531434
-0.00481557
-0.00420027
-0.0037014
-0.00291095
-0.00146062
0.000285624
0.00120935
0.00193345
0.00247588
0.00230637
0.00194516
0.00132555
0.000603859
5.12753e-05
-0.0007481
-0.000790811
-0.00159749
-0.00250171
-0.00315192
-0.00448405
-0.00513544
-0.00584215
-0.00607646
-0.00660302
-0.0075041
-0.00858815
-0.00964881
-0.0105724
-0.0113184
-0.0117874
-0.0120717
-0.0115467
-0.011174
-0.0116583
-0.0114872
-0.0119809
-0.0125638
-0.0129351
-0.0134096
-0.0131456
-0.012493
-0.0114785
-0.0110456
-0.0111497
-0.0109433
-0.0102449
-0.00920671
-0.00806404
-0.00748261
-0.00729361
-0.00742953
-0.00756365
-0.00815498
-0.00926903
-0.0100007
-0.010587
-0.010554
-0.0101555
-0.00977317
-0.00945111
-0.00925703
-0.00912065
-0.00869589
-0.0083111
-0.00695698
-0.00602799
-0.0047983
-0.0038127
-0.00278689
-0.00191602
-0.0011964
-0.00038082
-0.000119067
0.00082676
0.0012971
0.00145414
0.00154261
0.00197302
0.00213596
0.00202092
0.00172586
0.00153259
0.00199634
0.00340806
0.00397304
0.00354918
0.0032634
0.0028532
0.00232304
0.00250267
0.00237728
0.00186218
0.00172714
0.00118726
4.74718e-05
-0.00120612
-0.00199536
-0.00229783
-0.00266461
-0.00220899
-0.00158663
-0.00107853
-0.000765959
-9.20416e-05
0.000246211
-0.000292512
-0.000943273
-0.00079638
-0.00102502
-0.00138605
-0.00149269
-0.00109062
-0.000654744
-0.000576348
0.000308487
0.00108877
0.00178504
0.00254053
0.00332981
0.00394992
0.00484767
0.0057236
0.00621927
0.00636882
0.00660281
0.0064697
0.00687981
0.00742736
0.00768205
0.00753735
0.00763557
0.00760973
0.00714915
0.00712175
0.00694102
0.00659153
0.0057139
0.00467713
0.00370833
0.00236232
0.00139472
0.00047598
-0.000456015
-0.0013023
-0.00217053
-0.00297684
-0.00369388
-0.00451502
-0.00547617
-0.00648616
-0.00697076
