-0.514678
-0.490728
-0.492514
-0.541228
-0.538521
-0.572948
-0.598567
-0.589963
-0.536949
-0.479091
-0.484404
-0.478379
-0.471977
-0.438783
-0.438
-0.443873
-0.394313
-0.368907
-0.381531
-0.400256
-0.403198
-0.358168
-0.363291
-0.295284
-0.0406739
-0.07703
-0.0488022
-0.0601716
-0.0288821
-0.290988
-0.294236
-0.326983
-0.295683
-0.311244
-0.0923952
-0.076392
-0.0945836
-0.0940123
0.112022
0.14072
0.173909
0.165615
0.164621
0.139073
0.141165
-0.119527
-0.100494
-0.0124685
-0.182304
-0.0674333
-0.0509954
0.00217473
0.0236942
0.0159006
0.051219
0.0561667
-0.287007
-0.265925
-0.271988
-0.270219
-0.252485
-0.246685
-0.191382
-0.179617
-0.203817
-0.203817
-0.174144
-0.17033
-0.166945
-0.158428
-0.168674
-0.0751427
-0.399924
-0.295558
-0.308934
-0.349903
-0.252279
-0.241423
-0.252449
-0.252063
-0.262624
-0.276745
-0.275331
-0.220472
-0.233904
-0.184068
-0.230409
-0.210501
-0.21136
-0.259061
-0.266967
-0.247788
-0.255185
-0.253698
-0.20482
-0.202294
-0.204384
-0.203195
-0.202336
-0.239453
-0.246599
-0.295285
-0.295285
-0.300233
-0.296567
-0.296567
-0.270735
-0.273097
-0.251656
-0.27674
-0.272591
-0.264288
-0.27051
-0.261695
-0.241136
-0.234225
-0.229677
-0.198244
-0.195294
0.00266229
0.00724642
0.000854868
0.0304726
-0.0374146
-0.0413182
-0.0546915
-0.0737251
-0.0748745
-0.123359
-0.151756
-0.1554
-0.157608
-0.14203
-0.141195
-0.13746
-0.12429
-0.161757
-0.164247
-0.140663
-0.0521784
-0.0461367
-0.0270838
-0.0394611
-0.0114506
-0.0503497
-0.0537995
-0.0490028
-0.0567095
-0.0376221
-0.0724022
-0.0863968
-0.0614422
-0.0389414
-0.0815411
-0.0493777
-0.0493777
-0.0493777
-0.0606373
-0.0584211
-0.0406347
-0.0465621
-0.0358936
-0.0126637
-0.0195234
-0.0790224
-0.200827
-0.245249
-0.288815
-0.427998
-0.349102
-0.320819
-0.307534
-0.435131
-0.440843
-0.40218
-0.403283
-0.386752
-0.433533
-0.425394
-0.432712
-0.249436
-0.191932
-0.167845
-0.180998
-0.178635
-0.136234
-0.136234
-0.139869
-0.18227
-0.106864
-0.107076
-0.107196
-0.107248
-0.107035
-0.137447
0.000664864
0.0174336
0.00477876
-0.00478917
-0.0452766
-0.11298
-0.126577
-0.12016
-0.120123
-0.0986627
-0.0975512
-0.0961185
-0.106213
-0.107646
-0.138877
-0.12528
-0.00810211
-0.00825178
-0.00261322
0.0749472
0.0715509
0.0692762
0.0250971
0.0259039
0.00824125
-0.0210439
-0.0605578
-0.0592229
0.00736028
0.179279
0.220618
0.204503
0.213497
0.213788
0.222745
0.24016
0.30098
0.316585
0.297348
0.341278
0.350345
0.341219
0.260029
0.259846
0.257444
0.266351
0.31233
0.295201
0.0844801
0.0848811
0.136139
0.122314
0.10953
0.0734899
0.0713525
0.0648816
0.0345817
0.0371519
0.0538148
0.0795658
0.0855652
0.0855652
0.0640123
0.0677622
0.102952
0.10529
0.0880905
0.0884386
0.0374561
0.0264582
-0.13368
-0.137634
-0.129067
-0.142423
-0.147131
-0.138897
-0.096898
-0.108481
-0.139916
-0.231654
-0.222922
-0.164114
-0.110454
-0.105199
-0.131634
-0.114553
-0.124525
-0.144987
-0.165369
-0.159725
-0.159345
-0.157258
-0.137392
-0.180127
-0.179393
-0.243859
-0.240146
-0.231008
-0.248884
-0.250884
-0.0926027
-0.0789266
-0.0834153
-0.106937
-0.102448
-0.100025
-0.118732
-0.100717
-0.200804
-0.198764
-0.203388
-0.216684
-0.185141
-0.18507
-0.169461
0.180261
0.0431991
0.036538
0.0411851
0.0415708
0.0344959
0.0661333
0.0652141
0.00207262
0.0186677
0.0123048
0.0154361
0.0270513
-0.0983197
-0.0994825
-0.240534
-0.233371
-0.231075
-0.233775
-0.227027
-0.22696
-0.229049
-0.22211
-0.241617
-0.202491
-0.191424
-0.184533
-0.183277
-0.182964
-0.0864152
-0.0873362
-0.0884602
-0.0915056
-0.101958
-0.0489776
-0.0496317
-0.0547029
-0.0578791
-0.111542
-0.515721
-0.515386
-0.426774
-0.373223
-0.0134313
-0.0204759
-0.0201672
-0.0136143
0.0214206
0.0213935
0.0213905
0.0229189
0.0199649
0.0171523
-0.102909
-0.0967388
-0.0871875
-0.104199
-0.124528
-0.0410243
-0.0501906
-0.0407439
-0.00986971
-0.0134834
-0.0111197
-0.0111197
-0.0673023
-0.250804
-0.241638
-0.240355
-0.244852
-0.266057
-0.251652
-0.233202
-0.223546
-0.233264
-0.18035
-0.179939
-0.181228
-0.200011
-0.206491
-0.205191
-0.205291
-0.195609
-0.138323
-0.138331
-0.133453
-0.0344938
-0.0194499
-0.0385092
-0.0390167
-0.078072
-0.114059
-0.103914
-0.103215
-0.134033
-0.0620617
-0.151229
-0.166489
-0.128091
-0.124824
-0.124904
-0.160152
-0.160144
-0.171963
-0.168867
-0.246881
-0.248133
0.370677
0.37226
0.36343
0.342345
0.342447
0.356166
0.315624
0.299248
0.298007
0.302419
0.302185
0.307814
0.317289
0.281851
0.212756
0.206528
0.211112
-0.0154941
-0.0119763
-0.0267607
-0.0184223
0.0391529
0.033735
0.0365827
0.0396416
0.0847038
0.081714
0.0882873
0.125784
0.125561
0.13626
0.117361
0.114975
0.0776394
0.0943505
0.0905061
0.0656323
0.0613679
0.0485406
0.045796
0.0474671
0.0521404
0.24488
0.268491
0.277012
0.225422
0.225422
0.176895
0.179218
0.14603
0.149177
-0.00967809
-0.00925669
-0.00337666
-0.00616911
-0.0263695
-0.0114254
-0.0286641
-0.0227002
-0.0232183
0.106285
0.126669
0.126669
0.159283
0.0905286
0.0938604
0.0932613
0.102497
0.113163
0.115346
0.154204
0.148245
0.0806037
0.0753832
-0.0248505
-0.0295851
-0.0295851
-0.0299316
-0.0445761
-0.0422148
0.0003555
0.0547098
0.0550563
0.0718988
0.0675054
0.0596739
0.0555703
0.0577938
0.041785
0.0398211
0.0243342
0.0260818
-0.0160268
-0.0105666
-0.010838
0.012632
0.0172314
0.0171804
0.01924
-0.0188995
-0.0200951
0.0249719
0.0221288
0.115116
0.11594
0.0660508
0.117228
0.0769721
0.0773577
0.0661994
0.0628982
0.0738442
0.0938196
0.089212
-0.0931187
-0.0934113
-0.104461
-0.104436
-0.110371
-0.112554
-0.115416
-0.162421
-0.157774
-0.158516
-0.165676
-0.211476
-0.163829
-0.167322
-0.167209
-0.169412
-0.171259
-0.259609
-0.284089
-0.284089
-0.228309
-0.217578
-0.182775
-0.19093
-0.182775
-0.170735
-0.174292
-0.173447
-0.166798
-0.170309
-0.186966
-0.200589
-0.232253
-0.223981
-0.23103
-0.233192
-0.236104
-0.247351
-0.244049
-0.144054
-0.172681
-0.136964
-0.135593
-0.196353
-0.194508
-0.18785
-0.190575
-0.169874
-0.174504
-0.186893
-0.183411
-0.186275
-0.184463
-0.175556
-0.0864788
-0.0588616
-0.119051
-0.106271
-0.122829
-0.133901
-0.00417577
0.0073761
-0.01158
-0.0426206
-4.99114e-05
0.0178911
0.0244698
-0.152099
-0.148923
-0.113117
-0.219655
-0.107425
-0.10575
-0.0994115
-0.0559413
-0.0601102
-0.0756239
-0.0826625
-0.0830199
-0.0959517
-0.136629
-0.138255
-0.141431
0.124004
0.125495
0.126248
0.141554
-0.00837739
-0.00545944
-0.000418292
0.105994
0.0765609
0.0870581
0.0202199
-0.0374479
-0.0382669
-0.0277077
0.0321407
0.0314432
0.0521984
0.0567282
0.0556762
0.0297562
-0.0162655
-0.015843
0.137568
0.139223
0.139001
0.133139
0.116781
0.131908
0.124635
0.125554
0.0789332
0.0802977
0.10353
0.107495
0.0964884
0.089281
0.0907811
0.113788
0.140177
0.131045
0.130147
0.14169
0.135575
0.12986
0.138789
0.107229
0.0180782
-0.00684674
-0.0154143
0.0158735
0.0105096
0.00428057
-0.00519612
-0.001641
0.00479137
-0.0234652
-0.020418
-0.0199978
-0.0971598
-0.0565252
-0.0282686
-0.0268707
-0.00545149
-0.0125555
-0.0105614
-0.0126758
-0.0980842
-0.0823964
-0.143201
-0.128543
-0.134163
-0.13328
-0.137875
-0.137875
-0.131356
-0.123312
-0.119311
-0.137402
-0.0707881
-0.078412
-0.0865818
-0.0920456
-0.0850408
-0.066735
-0.0675655
-0.0607973
-0.0616801
-0.0630493
0.0640416
0.0614674
0.0597678
0.0450653
0.0404376
0.0290402
0.0193961
0.00991149
0.0186991
0.0218831
0.0186962
0.0176421
0.0199991
0.010419
-0.00421673
-0.0281371
-0.00777915
-0.036544
-0.0328536
-0.0379807
-0.0346885
-0.0247271
-0.0162297
-0.0109855
-0.00504159
-0.0185716
-0.0164226
-0.0164882
-0.0177103
0.0395126
0.035723
0.0406575
0.0388525
0.0396139
0.0404085
0.0349525
0.0346458
0.0495877
0.0257984
0.0516972
0.0263873
0.0290235
-0.0144295
-0.00766764
-0.00590219
-0.00546386
-0.0112654
-0.00855661
-0.0117735
-0.021698
-0.0185778
-0.0195172
-0.200348
-0.20098
-0.179502
-0.177553
-0.182221
-0.16651
-0.131421
-0.131421
-0.134393
-0.143307
-0.164637
-0.163652
-0.174143
-0.165569
-0.0498888
-0.0493135
0.074355
0.0634424
-0.0126434
0.042525
0.045897
0.046873
0.0462448
0.0489178
0.0488334
0.0337857
0.0344154
0.038896
-0.0183466
-0.00425692
-0.06286
-0.118007
-0.131867
-0.122007
-0.11602
-0.132925
-0.156014
-0.147718
-0.149083
-0.15263
-0.128828
-0.146112
-0.137945
-0.13712
-0.128485
-0.112806
-0.106563
-0.115713
-0.112307
-0.110881
-0.0530306
-0.0387173
-0.0391389
-0.0385631
-0.0440862
-0.047914
-0.072974
-0.0735498
-0.073085
-0.0766635
-0.0752949
-0.0769624
-0.0795091
-0.0147164
-0.0126614
-0.0141737
0.0852976
0.0853597
0.0829797
0.0841521
0.0824305
0.0640216
0.05231
0.045276
0.0446237
0.0214966
0.0319612
0.036318
0.0279175
0.00450041
0.00587774
0.0069996
0.0120058
0.0151191
-0.069179
-0.0537261
-0.0562833
-0.0604821
-0.0599504
-0.0551489
-0.0529275
-0.0502489
-0.052587
0.0492041
0.0492041
0.0487412
0.0506258
0.0515771
0.0225114
0.0265425
0.0395718
0.0206159
0.0398791
-0.0181407
-0.0205828
-0.0323714
-0.0356615
-0.0370152
-0.037123
-0.0185239
-0.0186009
-0.0429862
-0.0397259
-0.0022548
0.000222818
-0.0272963
-0.0272963
-0.0585132
-0.0603489
-0.149235
-0.153187
0.0652222
0.105162
0.106012
0.107491
0.236066
0.270499
0.234506
-0.0376642
-0.0506177
-0.0506177
-0.157821
-0.0744006
-0.114627
-0.141123
-0.135854
-0.135854
-0.0998873
0.0860871
0.112731
0.101099
0.1029
0.0667853
0.0615169
0.0225156
-0.0786886
-0.0783913
-0.08402
-0.0964268
-0.0600805
-0.0409727
-0.143619
-0.136091
-0.0722647
-0.0755722
-0.0753947
-0.0756371
-0.0759482
-0.0597191
0.160527
-0.159561
-0.163207
-0.185925
-0.201265
-0.212189
-0.168648
-0.203225
-0.204863
-0.208619
-0.198552
-0.116987
-0.116431
-0.101091
-0.102901
-0.105116
-0.111147
-0.122648
-0.154315
-0.174173
-0.176338
-0.171516
-0.168725
-0.132319
0.0100142
0.0115965
2.10493e-05
-0.00181547
0.0421146
0.0343516
0.0829783
0.0831351
-0.0728802
-0.171374
-0.173362
-0.173285
-0.158245
-0.154437
-0.157814
-0.16799
-0.109085
-0.109085
-0.0954899
-0.154395
-0.149831
-0.0879453
-0.0554548
-0.0579183
-0.050968
0.0690771
0.0699853
0.0757285
0.0727006
0.0529949
0.0516043
0.0514219
0.0393946
0.034799
-0.112647
-0.112674
-0.10372
-0.0972415
-0.0859981
0.142471
0.130106
0.0509043
0.0231888
0.0166344
-0.00254919
0.00228205
0.239796
0.231954
0.0839656
0.0932175
0.0947302
0.018614
0.0165219
0.0192243
0.00370207
0.0921224
0.0808196
0.088437
-0.0791202
-0.0801104
-0.0831525
-0.00256987
-0.00644098
-0.0184277
-0.0620667
0.00439664
0.013141
-0.0439313
-0.0627819
-0.0561816
-0.0626772
0.198824
0.238495
0.154163
0.147263
0.15398
0.157055
0.115964
0.11522
0.11522
0.116224
0.116018
-0.29329
-0.294619
-0.296244
-0.28407
-0.125029
-0.0828575
-0.0704631
-0.0384523
-0.0358782
-0.0398453
-0.0383975
-0.014761
-0.0151396
-0.0276488
-0.020379
-0.0926027
-0.0951925
-0.0951925
-0.0985006
-0.108523
-0.0950537
-0.0880612
-0.0486264
-0.0413118
-0.0897209
-0.0922777
-0.0369039
-0.0429213
0.11701
0.12068
0.170662
0.170685
0.203766
0.203911
0.161344
0.161321
-0.0366353
-0.0366116
0.00993297
-0.0819954
-0.0832939
-0.0832939
-0.00178608
-0.0019279
-0.0019279
-0.00177407
-0.0286049
-0.0286623
-0.0286623
-0.0395195
-0.0394621
-0.0399646
-0.0511241
-0.0401086
-0.0403143
0.725457
0.736314
0.736314
0.897268
0.897292
0.897159
0.897099
0.897185
0.897185
0.895256
0.734903
0.731472
0.66419
0.711066
0.66419
0.664538
0.664538
0.712196
0.741792
0.792289
0.725564
0.0101781
0.00357961
-0.023585
0.0168967
0.11512
0.11789
-0.0841585
-0.080182
-0.080182
-0.0801613
-0.0610942
-0.0610942
0.0973555
0.078891
0.0814012
0.0423043
-0.043103
-0.0565062
0.055953
0.0251382
-0.0213777
-0.0167097
-0.0211714
-0.0196005
-0.0528952
-0.150614
-0.19337
-0.18195
-0.195714
-0.166368
-0.163201
-0.141491
-0.096677
-0.0472421
-0.116955
-0.136432
-0.135103
-0.119837
-0.123778
-0.155012
-0.155475
-0.145118
-0.141304
-0.145903
-0.145502
-0.121383
-0.11341
-0.11293
-0.116238
-0.115048
-0.0447232
-0.0468816
-0.14883
-0.116196
-0.121001
-0.125603
-0.122652
-0.123818
-0.128286
-0.108981
-0.104613
-0.100182
-0.0962358
-0.12441
-0.14891
-0.143134
-0.132238
-0.140642
-0.141838
-0.0211408
-0.18954
-0.199841
-0.195489
-0.20308
-0.187812
-0.197294
-0.00417172
-0.17999
-0.164788
-0.248313
-0.355599
-0.346217
-0.342048
-0.253996
0.105193
-0.157505
-0.0606587
-0.0144602
-0.0546051
-0.0521286
-0.0449378
-0.0470236
-0.0632364
-0.161358
-0.190376
-0.189522
-0.138061
-0.135466
0.127735
0.117402
0.147548
0.146897
0.146897
0.146897
0.146921
0.14648
0.163273
0.024814
0.0252545
0.0252545
0.0245166
0.0245166
-0.00725274
-0.00725274
0.0245166
0.0244555
0.0244555
0.0537321
0.066328
0.0370513
0.0389702
-0.0113043
-0.11755
-0.15027
-0.197314
-0.330412
-0.222319
-0.222319
-0.237622
-0.237622
-0.277357
-1.28728
-1.28026
-0.236889
-0.238136
-0.238136
-0.213539
-0.249521
-0.256705
-0.257207
-0.260638
-0.295797
-0.147052
-0.196336
-0.198209
-0.199771
-0.194135
-0.0878616
-0.112615
-0.112615
-0.279392
-0.318936
-0.306788
-0.318445
-0.295646
-0.252028
-0.323658
-0.327551
-0.108569
-0.112292
-0.136012
-0.147625
-0.145315
-0.134259
-0.126033
-0.142842
-0.0501076
-0.0781187
-0.0914596
-0.23315
-0.23039
-0.23027
-0.219958
-0.226513
-0.20309
-0.200368
-0.210919
-0.210919
-0.192781
-0.194584
-0.202095
-0.218963
-0.188195
-0.265287
-0.266931
-0.263494
-0.241483
-0.241483
-0.238304
-0.170588
-0.199888
-0.208996
-0.212274
-0.222606
-0.193157
-0.17868
-0.170901
-0.166669
-0.185634
-0.157671
-0.181138
-0.244951
-0.201633
-0.201633
-0.185842
-0.140238
-0.169215
-0.195652
-0.181691
-0.184403
-0.160417
-0.159342
-0.116072
-0.0569433
-0.0616889
-0.0294251
-0.183383
-0.186593
-0.186736
-0.186375
-0.212193
-0.266522
-0.266591
-0.270102
-0.272752
-0.27259
-0.287814
-0.360234
-0.387372
-0.277169
-0.25833
-0.216532
-0.102084
-0.116345
-0.0827611
-0.00378019
0.0467984
-0.0549004
-0.132044
-0.139771
0.176536
0.169112
0.176536
0.184282
0.194922
0.195393
0.202214
0.215139
-0.131919
-0.114115
-0.113548
-0.140183
-0.133261
-0.143275
-0.1507
-0.118194
-0.135018
-0.0665814
-0.061608
-0.172245
-0.117166
-0.15798
-0.114739
-0.110524
-0.161371
-0.171953
-0.307296
-0.259852
-0.268047
-0.267707
-0.256262
-0.261349
-0.235974
-0.191736
-0.188753
-0.225994
-0.244948
-0.217054
-0.208174
-0.210472
0.0431107
0.0269965
0.0291318
0.0400277
0.0345865
0.126624
0.0954809
0.432211
0.433845
0.359787
0.363469
-0.0401881
-0.0398143
-0.0398861
-0.0593235
-0.0776816
0.0354772
-0.0297211
0.151292
0.0438722
0.0488912
0.0430288
0.013314
0.0077846
-0.054352
-0.029275
-0.0285514
0.00492429
-0.295958
-0.276739
-0.274831
-0.270394
-0.244882
-0.204861
-0.207072
-0.207119
-0.282407
-0.28081
-0.281346
-0.276904
-0.280838
-0.241894
-0.032228
-0.142967
-0.139592
-0.143772
-0.0270555
0.0841212
0.0667573
-0.0571997
-0.0578115
0.000392289
-0.0500902
-0.0225285
-0.0233049
-0.0967517
-0.00677155
0.00101756
-0.0248656
-0.0413402
-0.00605304
0.0194406
0.037429
0.041118
0.0510082
0.0491949
0.0282909
0.0107215
0.00764667
0.0330418
0.082795
0.0839132
0.0936037
0.0427264
0.0449779
0.0507177
0.0257825
0.0204713
-0.0475945
-0.0659604
-0.0760687
-0.0749117
-0.0790131
-0.0782708
-0.0643149
-0.0463435
-0.04471
-0.0767399
-0.112536
-0.0941699
-0.0654655
-0.0995924
-0.0355349
-0.0359382
-0.0574437
-0.0379442
-0.0496943
-0.0548305
-0.0619987
-0.0670723
-0.0672734
-0.0744583
-0.0693848
-0.129034
-0.137726
-0.173818
-0.169425
-0.0668594
-0.0711216
-0.0344474
-0.0324627
-0.0255931
-0.042898
-0.00625933
-0.00367013
-0.00599533
0.0108917
0.0119819
0.0291049
0.0337
-0.173188
-0.158452
-0.191318
-0.301903
-0.291601
-0.278582
0.217134
0.223528
0.220371
0.265879
0.205635
0.199257
0.17229
0.217158
0.218402
0.231386
0.176466
0.163276
0.166467
-0.106822
-0.134336
-0.135506
0.401015
1.12222
1.12227
1.1097
1.1172
1.11222
0.862757
0.850958
0.826961
0.85301
0.845052
0.835461
0.836071
0.840598
0.841592
-0.0169216
-0.0195474
-0.0146756
-0.0457921
-0.0468436
-0.042879
-0.0340698
-0.0322215
-0.0433646
-0.0653804
-0.0549819
-0.201748
-0.190583
-0.189608
-0.180623
-0.187031
-0.186787
-0.19574
-0.198487
-0.316598
-0.340576
-0.34024
-0.346985
-0.330274
-0.327908
-0.0372114
-0.0559216
-0.0825597
-0.0436176
-0.0372092
-0.0479778
-0.0413098
-0.0456484
-0.0508657
-0.0463859
-0.0431862
-0.0637265
0.0806413
0.0797146
0.0956366
0.0885565
0.0841539
0.0817909
0.0835904
0.0651773
0.0556196
0.0734014
0.067867
0.0706649
0.0794903
0.0843709
0.0588288
0.0589412
0.0531886
0.0579236
0.0477927
-0.192995
-0.19458
-0.222773
-0.0118871
-0.0118908
-0.011876
-0.0121495
-0.0727919
-0.069338
-0.1047
-0.120665
-0.121968
-0.132286
-0.127274
-0.129347
-0.149941
-0.159321
-0.109008
-0.112568
-0.112674
-0.112742
-0.11192
-0.139579
-0.0661173
-0.0439099
-0.03742
-0.0359667
-0.0241703
-0.0241703
-0.0209185
-0.0194434
-0.0164819
-0.0164139
0.0358605
0.147131
0.158201
0.148045
0.0605426
0.0930413
-0.0136832
-0.0092172
-0.0191212
-0.0591759
-0.0566174
-0.0475318
-0.0634307
-0.0607686
-0.0478677
0.00668425
0.00389111
0.00170793
-0.0118059
0.00329743
0.0144094
0.00436121
0.00637632
-0.0281712
-0.0201145
-0.010405
-0.0767783
-0.0746069
-0.0737688
-0.00102437
-0.0812061
-0.0795396
-0.09801
-0.0889376
-0.0925503
-0.0975081
-0.0971616
-0.0907932
-0.0913973
-0.117418
-0.119869
-0.118662
-0.160071
-0.158677
-0.159933
-0.164849
-0.163939
-0.165423
-0.161982
-0.20687
-0.196274
-0.194204
-0.0731534
-0.0733227
-0.065627
-0.0117608
0.0275919
0.027343
0.0268978
0.032797
0.032761
0.0359135
-0.0259316
-0.0135382
-0.0102225
-0.142564
-0.150042
-0.157922
-0.176835
-0.176899
-0.194506
-0.214949
-0.205526
-0.19699
-0.181563
-0.175687
-0.168517
-0.137372
0.0358472
0.035664
-0.0477538
0.0156733
0.0209571
-0.0248011
-0.0921338
-0.0675998
-0.0826701
-0.0841872
-0.0640456
-0.0689657
-0.0942525
-0.122008
-0.0747155
-0.0985084
-0.140408
-0.219926
-0.167584
-0.091262
-0.0190828
-0.0369626
0.0722019
0.0917662
0.0130547
0.0309344
0.0666606
0.0718294
0.078462
-0.0305421
-0.0456389
-0.0417869
-0.0367037
-0.0222822
-0.0248484
-0.0200141
-0.0405114
-0.0105051
0.0591881
0.060389
0.0780537
0.0800226
0.0744801
0.0342809
0.0268285
0.0323714
0.0242943
0.0746342
0.111782
0.0592058
-0.0104874
-0.022778
-0.0250756
0.0227814
-0.00411
0.015695
0.015695
0.0248876
0.0290297
0.0158128
0.00589637
-0.0438033
-0.0310958
-0.0221015
-0.0164801
-0.0203402
0.152634
0.176711
0.142516
0.161187
0.159611
0.185229
0.181996
0.19393
0.349783
0.156078
0.159365
0.150079
0.0668559
0.0645401
0.0573914
0.0595085
0.0532523
0.0299013
0.0209236
0.0538011
-0.168264
-0.210034
-0.204795
-0.208072
-0.216895
-0.216206
-0.22453
-0.223512
-0.250492
-0.248844
-0.19894
-0.197619
-0.215673
-0.220748
-0.218607
-0.222905
-0.210089
-0.164528
-0.158879
-0.147686
-0.144182
-0.141562
-0.320154
-0.266963
-0.200054
-0.196043
-0.215177
-0.212335
-0.212402
-0.207547
-0.239172
-0.233702
0.090317
0.0863045
0.094316
0.0992709
0.0871279
0.0664277
0.0889523
0.0943538
0.0949168
0.0870076
0.0950131
0.0868223
0.0819141
0.0818848
0.0834918
0.0797242
-0.0337254
-0.0352744
0.0627765
0.0592465
0.0652815
-0.0790278
0.0592465
0.0652595
0.178709
0.176667
0.156861
0.163695
0.156835
0.148291
0.145799
0.0276254
0.0777098
0.100588
0.113602
0.112233
0.11012
0.0792295
0.0803721
0.0810086
0.0867392
0.0950062
0.0962922
0.0907264
0.131619
0.141774
0.150291
0.150573
0.182735
0.177617
0.158747
0.160825
-0.361898
-0.358549
-0.360032
-0.364577
-0.364577
-0.364519
-0.366147
-0.373273
-0.434907
-0.102725
-0.102595
-0.172166
-0.134537
-0.134414
-0.134438
-0.0819847
-0.163068
-0.152652
-0.151141
-0.147894
-0.110555
-0.110576
-0.139024
-0.142979
-0.0863871
-0.0863871
-0.0863871
-0.108789
-0.108219
-0.10424
-0.158196
0.185632
0.0684353
0.114332
0.107248
0.11629
0.111825
0.168667
0.0925425
0.0799576
0.0954312
0.0147898
-0.0452681
-0.0423909
-0.0509107
-0.042713
0.00162876
0.00162876
-0.207839
-0.170958
-0.153047
-0.0836599
-0.0972522
-0.0943305
-0.159082
-0.134803
-0.152714
-0.152714
-0.144179
-0.159067
-0.154707
-0.159369
-0.0945222
-0.0840202
-0.0693619
-0.0581521
-0.0728104
-0.0675194
0.0143888
0.0264923
0.0108647
0.0745056
0.116344
0.0568846
0.0299032
0.0133627
0.0128022
0.0128022
0.0399865
0.0543846
0.0718541
0.00509916
-0.0329893
-0.0465983
-0.115985
-0.115985
-0.0484592
-0.0693074
-0.0150944
0.141649
0.0981412
0.0804875
0.0802123
0.0834254
0.0785873
0.0830604
0.0808547
0.347096
0.339926
0.330718
0.334626
0.327494
0.321768
0.304141
0.334017
0.138932
0.14467
0.140924
0.144271
0.197697
0.191959
0.246591
1.00749
0.215841
0.198445
0.198027
0.193613
0.181394
0.145147
-0.112044
-0.129673
-0.0208584
0.0127428
0.0127428
-0.056345
-0.0426295
-0.0422422
-0.0493515
-0.0494233
-0.0425707
-0.103781
-0.105763
-0.114212
-0.0823901
-0.0726949
-0.0898085
-0.0898085
-0.0937873
-0.313831
-0.314544
-0.31404
-0.386086
-0.37561
-0.315555
-0.312762
-0.297083
-0.334143
-0.312552
-0.329209
-0.281521
-0.281521
-0.281018
-0.280946
-0.286281
-0.0853848
-0.085262
-0.0763859
-0.0664607
-0.0665186
-0.107609
-0.0665186
-0.0665186
0.00909945
0.000515179
0.00610861
0.00675539
0.0094783
-0.0217289
-0.0135947
-0.065982
-0.0560538
-0.0503817
-0.0503817
-0.063606
-0.0656307
-0.0626585
-0.105768
-0.124375
-0.132025
-0.15962
-0.152759
-0.148483
-0.195096
-0.207972
-0.202175
-0.200919
-0.325795
-0.320145
-0.297735
-0.296458
-0.246328
-0.0988759
-0.098399
-0.0970781
-0.0435003
-0.0548136
-0.104706
-0.231523
-0.220424
-0.220106
-0.22733
-0.235262
-0.244985
-0.249902
-0.263294
-0.242464
-0.239182
-0.217513
-0.213541
-0.19743
-0.193619
-0.196104
-0.154006
-0.15675
-0.148489
-0.229241
-0.229909
-0.152388
-0.165377
-0.168705
-0.165093
-0.180832
-0.140393
-0.141797
-0.142306
-0.126975
-0.0125662
0.0147766
-0.00936574
-0.0873391
-0.0884208
-0.0860249
-0.0605388
-0.107954
-0.181806
-0.187738
-0.183283
-0.1912
-0.182605
-0.205655
-0.205655
0.0156793
0.0185921
-0.0543858
-0.049211
-0.0667106
-0.105181
-0.124505
-0.169084
-0.136135
-0.0127393
0.00198344
-0.0402747
-0.0565087
-0.0671434
-0.0677523
-0.0742452
-0.0550615
-0.050988
-0.0504174
-0.369576
-0.358608
-0.31267
-0.261703
-0.137568
-0.0172733
-0.0214338
-0.00381086
0.0496503
-0.317031
-0.534915
-0.520616
-0.534315
-0.459602
-0.251851
-0.22585
-0.0842923
-0.0834416
-0.0667979
-0.295841
-0.302714
-0.317012
-0.311677
-0.276243
-0.303773
-0.315152
-0.330104
-0.322666
-0.322417
-0.326092
-0.309646
-0.25699
-0.283942
-0.25071
-0.219067
-0.219067
-0.163668
-0.180114
-0.180114
-0.215146
-0.147146
-0.14708
-0.140858
-0.137358
-0.101383
-0.101383
-0.0841045
-0.188822
-0.186349
-0.246441
-0.28342
-0.265754
-0.266751
-0.261442
-0.231073
-0.194565
-0.073519
-0.155504
0.0397756
0.0398797
0.163026
0.17008
0.0408001
0.0481887
0.0880368
0.111373
0.107252
0.0839972
-0.211999
-0.229815
-0.117136
-0.149735
-0.0956367
-0.0911416
-0.273141
-0.216382
-0.217695
-0.231022
-0.244384
-0.224091
-0.225265
-0.201082
-0.201295
-0.202692
-0.22149
-0.22142
-0.189177
-0.186973
-0.31186
-0.307157
-0.306933
-0.33235
-0.307795
-0.29743
-0.300533
-0.29432
-0.300548
-0.749889
-0.752542
-0.748451
-0.76529
-0.758953
-0.766471
-0.762703
-0.765851
-0.749012
-0.749012
-0.797816
-0.767938
-0.720955
-0.720387
-0.660905
-0.654713
-0.665399
-0.668701
-0.700521
-0.702954
-0.777943
-0.746122
-0.729309
-0.776734
-0.712955
-0.712955
-0.719147
-0.715978
-0.725123
-0.734444
-0.751616
-0.802363
-0.802362
-0.755598
-0.752945
-0.754186
-0.754522
-0.76392
-0.76392
-0.743732
-0.752794
-0.753269
-0.573514
-0.591701
-0.593666
-0.613854
-0.583732
-0.632569
-0.104399
-0.113468
-0.1077
-0.110592
-0.109408
-0.103924
-0.0323793
-0.0281848
-0.0323387
-0.027795
0.0194091
0.0271221
0.0721981
-0.24078
-0.291129
-0.304667
-0.302076
-0.299225
-0.282329
-0.0449261
-0.042561
-0.0334994
-0.022853
-0.550919
-0.550976
-0.541654
-0.468234
-0.706967
-0.700699
-0.770358
-0.764181
-0.23947
-0.256284
-0.239519
-0.23149
-0.235601
-0.245561
-0.349757
-0.412961
-0.410553
-0.409292
-0.409292
-0.407684
-0.403675
0.0087919
0.0184496
-0.0109983
-0.0172109
-0.0104745
-0.00466894
-0.00466894
0.0332489
0.0349548
0.0333254
-0.051177
-0.0505858
-0.151827
-0.177094
0.099009
0.191775
0.196925
0.198861
0.159989
0.205737
0.204428
0.188995
0.193141
0.148182
0.181095
-0.0674949
-0.0765479
-0.0827715
-0.0897768
-0.0963506
-0.0894758
-0.105113
-0.0980832
-0.0805836
-0.0781364
-0.0223916
-0.177374
-0.244612
-0.23927
-0.25531
-0.25531
-0.269664
-0.287163
-0.236242
-0.234787
-0.220557
-0.22184
-0.256865
-0.236088
-0.219174
-0.180404
-0.175136
-0.189337
-0.187418
-0.200739
-0.281334
-0.297965
-0.13347
-0.159449
-0.0558168
0.281581
0.282433
0.319131
0.323693
0.322637
0.501931
0.469587
0.419811
0.395901
0.361536
0.384618
0.381245
0.306878
0.311452
0.370775
0.219902
0.239707
0.246366
0.263375
0.473289
0.474311
0.464168
0.415447
0.411115
0.443712
0.442246
0.507692
0.507121
0.534547
0.74832
0.745081
0.748261
0.753001
0.684357
0.671438
0.672129
0.67092
0.656412
0.66029
0.67519
0.472276
0.470975
0.473019
0.481031
-0.0204708
-0.0165403
-0.0103893
-0.026452
-0.0641214
-0.0648378
-0.0630986
-0.0565327
-0.0638796
-0.0667694
-0.0154237
-0.166359
-0.169425
-0.201898
-0.198637
-0.200436
-0.195586
-0.163113
-0.149199
-0.164736
-0.170887
-0.170141
-0.171079
-0.17635
-0.175288
-0.209411
-0.220402
-0.218542
-0.179718
-0.207379
-0.121635
-0.121635
-0.153994
-0.148382
-0.15372
-0.13304
-0.143529
-0.0836735
-0.0805879
-0.0136294
0.185314
0.148497
0.17147
0.102063
0.112103
0.110967
0.126918
0.132408
0.112909
0.0244466
-0.248454
-0.250654
-0.253121
-0.254689
-0.245365
-0.302524
-0.267791
-0.277196
-0.291805
-0.287633
-0.214906
-0.147538
-0.126874
-0.181395
-0.181395
-0.218227
-0.240649
-0.244444
-0.245647
-0.208193
-0.160388
-0.16361
-0.117878
-0.11816
-0.114496
-0.0708263
-0.0760271
-0.0876864
-0.0855431
-0.102425
-0.0379187
0.015023
0.0140715
0.0290731
0.0441572
0.0183408
0.0183693
-0.0345724
0.0455871
0.0304546
0.0399739
0.0421094
0.025541
0.0241435
0.0290787
-0.0282822
-0.045484
-0.102377
-0.045484
-0.0687069
0.052412
-0.0473972
0.0149608
0.0113388
0.00654324
-0.00184825
-0.0120476
-0.0160022
-0.0724144
-0.108814
-0.089003
-0.0884098
-0.0938689
-0.0940822
-0.0617297
-0.0570601
-0.199992
-0.200585
-0.199933
-0.0893719
-0.0880028
-0.198563
-0.200532
-0.196631
-0.205514
0.0789379
0.0774028
0.14779
0.14702
0.144808
0.165932
0.158437
0.157402
0.0843675
0.0959356
0.0894759
0.0895599
0.103733
0.082321
0.0820888
-0.131191
-0.17323
-0.177626
-0.180252
-0.0275814
-0.0211105
-0.163535
-0.161393
-0.161393
-0.168644
-0.168644
-0.274677
-0.292459
-0.272372
-0.271923
-0.270768
-0.321704
-0.327669
-0.280889
-0.295583
-0.257267
-0.257241
-0.292317
-0.298011
-0.303516
-0.304212
-0.292361
-0.142624
-0.163209
-0.127002
-0.0457772
0.0456821
0.00686891
0.00718496
0.00718496
0.00788934
0.00142464
0.0229881
-0.0633442
-0.771105
-0.766637
-0.749484
-0.221925
-0.223396
-0.205033
-0.222937
-0.702008
-0.699135
-0.700092
-0.71941
-0.735721
-0.689846
-0.711823
-0.712644
-0.690187
-0.680742
-0.681112
-0.754872
-0.827193
-0.827002
-0.826883
-0.822719
-0.796203
-0.796203
-0.83416
-0.833536
-0.842422
-0.83416
-0.828503
-0.774325
-0.774325
-0.657801
-0.602305
-0.653524
-0.640828
-0.65205
-0.660378
-0.660319
-0.656059
-0.74453
-0.757304
-0.721571
-0.714894
-0.708899
-0.697052
-0.705372
-0.701168
-0.0969369
-0.0985761
-0.0459625
-0.0424817
-0.0332436
-0.0304068
-0.0438139
-0.045017
-0.0316099
-0.030294
-0.076734
-0.0748971
-0.0885342
-0.134809
-0.157879
-0.155831
-0.156205
-0.183334
-0.198711
-0.149527
-0.181557
-0.182653
-0.146828
-0.154647
-0.0967983
-0.112314
-0.126642
-0.104384
-0.104384
-0.0935658
-0.105684
-0.152158
-0.214576
-0.212595
-0.175321
-0.125024
-0.0769007
-0.0769007
-0.0829969
-0.0683212
-0.0598055
-0.0651006
-0.0661096
-0.0803879
-0.0797822
-0.073686
-0.133782
-0.138078
-0.133342
-0.129023
-0.129023
-0.138114
-0.145921
-0.156526
-0.107829
-0.145053
-0.102122
-0.100408
-0.0877071
-0.0637015
-0.0713636
-0.0735872
-0.081999
-0.0920024
-0.0325141
-0.0359215
-0.0215277
-0.040381
-0.0498449
-0.0568369
-0.0541873
-0.055563
-0.0603405
0.0028377
0.000564012
0.00744166
0.0813715
0.103923
0.11453
0.0999492
-0.0226093
-0.0236655
-0.0185252
-0.0185252
-0.0286248
-0.0685034
0.000793728
0.00973028
0.00994886
0.0110595
-0.00713002
-0.0112889
0.0069424
0.00882302
0.014177
-0.00783092
-0.0152903
-0.0128311
-0.040117
-0.0241947
-0.0241947
-0.0255981
0.0368264
0.0447643
0.0406162
0.0630986
0.0380944
0.0388497
0.0232632
-0.0105173
-0.0569906
-0.107944
-0.10298
-0.0962877
-0.051151
-0.0563718
-0.0588116
-0.217799
-0.190158
-0.20129
-0.202159
-0.235706
-0.255542
-0.261949
-0.263317
-0.247304
-0.24123
-0.246448
-0.219951
-0.188553
-0.0926284
-0.0992306
-0.106266
-0.106977
-0.0970098
-0.0898616
-0.105914
-0.0985675
-0.0926845
-0.0926579
-0.066978
-0.0164593
-0.0174967
-0.0035556
-0.00392144
-0.0100986
-0.0116148
-0.0715939
-0.0688169
-0.0738788
-0.087951
-0.0880042
-0.0983962
-0.098994
-0.0973636
-0.129695
-0.126537
-0.126809
-0.0972658
-0.0979642
-0.101294
0.00319898
0.0171318
0.0442751
0.0487057
0.0434926
0.0685697
0.0739755
0.0698738
0.0456941
0.0659312
-0.018714
-0.0213295
-0.0203185
0.0289978
0.0287781
-0.0654364
0.0642502
-0.0283945
-0.0280857
-0.0374739
-0.0421537
-0.0083918
-0.00467589
-0.0438029
-0.0566781
-0.0363944
-0.0374091
-0.0284486
-0.434571
-0.132989
-0.132031
-0.0160876
-0.0998079
-0.0857176
-0.012469
-0.0196298
-0.0206329
-0.00796392
0.0747203
-0.12542
-0.138903
-0.13753
-0.138326
-0.143325
-0.148557
-0.143325
-0.118357
-0.121864
-0.124117
-0.123829
-0.0853845
-0.0838726
-0.0830421
-0.0852417
0.0406355
0.112372
0.173687
0.173616
0.171608
0.164233
0.156653
0.131451
0.124319
0.132103
0.0323347
0.0183096
-0.14056
-0.127077
-0.147895
-0.175539
-0.155017
-0.181358
-0.221409
-0.346844
-0.3538
-0.447663
-0.416519
-0.408277
-0.410271
-0.398329
-0.367231
-0.347499
-0.306233
-0.212352
0.341816
0.261518
0.267343
0.261773
0.264338
0.262793
0.27291
-0.205727
-0.133358
-0.134058
-0.14486
-0.120375
-0.021274
-0.0344478
-0.150445
-0.156977
-0.174549
-0.161817
-0.14892
-0.180753
-0.181507
-0.0942122
-0.0855241
-0.102352
-0.079119
-0.0882811
-0.134976
-0.128275
-0.123629
-0.124175
-0.123556
-0.113417
-0.117514
-0.110387
-0.0650093
-0.0630509
0.0793039
0.0806576
0.0726828
0.0590875
0.0706985
0.0714823
0.129266
0.130414
0.144045
0.147364
0.156575
0.16455
0.154685
0.155568
-0.0134893
-0.0156136
0.0223299
-0.173736
-0.175667
-0.188789
-0.194078
-0.204286
-0.202959
-0.236318
-0.223429
-0.178754
-0.163465
-0.203704
-0.199298
-0.22256
-0.0985195
-0.0925919
-0.0901999
-0.0909688
-0.0966423
-0.098628
-0.0944658
-0.0957398
-0.080002
0.0565099
0.0563482
0.0320119
0.0358412
0.0108395
-0.0192469
-0.000344211
-0.0233029
0.0544372
0.0373294
-0.0628714
-0.0524123
-0.095391
-0.101307
-0.135948
-0.135948
-0.13695
-0.140173
-0.131421
-0.134226
-0.129418
-0.144513
-0.144513
-0.1187
-0.118538
-0.118538
-0.118703
-0.117089
-0.144556
-0.16712
-0.185431
-0.183983
-0.158246
-0.145944
-0.193194
-0.169226
-0.181189
-0.0744313
-0.222136
-0.278698
-0.251606
-0.259819
-0.414313
-0.447953
-0.344144
-0.19145
-0.121402
-0.0385134
-0.0678152
0.00550037
-0.00259835
-0.000992993
0.0259067
0.0479003
0.168596
0.172082
0.150519
0.113372
0.189427
0.14936
0.126366
0.163514
0.155472
0.138746
0.173579
0.173579
0.188728
0.140663
0.103865
0.0862352
0.116539
0.103317
0.0870584
-0.0589617
0.169257
0.178745
0.178745
0.0553244
0.0748894
-0.00374829
-0.000245867
0.00198666
-0.00467175
0.00997648
0.00739264
0.0121215
-0.00129067
-0.0047931
-0.00829129
-0.00582537
0.0044335
0.00772531
0.00788575
0.00788575
-0.0100525
-0.0159106
-0.0327823
-0.0428145
-0.0355953
-0.0324536
-0.0274587
-0.0253444
-0.0160286
0.00342692
-0.0305805
-0.104341
-0.120191
-0.138294
-0.144015
-0.153885
-0.149979
-0.162243
-0.155696
-0.156906
-0.0830042
-0.0706261
-0.119318
-0.118316
-0.208013
-0.152128
-0.143382
-0.143382
-0.144757
-0.16308
-0.170719
-0.16987
-0.198524
-0.179788
-0.226757
-0.144114
-0.14311
-0.121746
-0.0913898
-0.0905471
0.0112143
-0.295591
-0.288971
-0.289146
-0.252238
-0.288545
-0.288545
-0.28357
-0.283728
-0.283728
-0.296907
-0.307794
-0.281454
0.367897
0.374317
0.382633
0.3826
0.371128
0.36389
0.355844
0.366947
0.357354
0.368141
0.368141
0.380728
0.391906
0.286963
0.305796
0.320587
0.118731
0.101613
0.193455
0.174268
0.17283
0.1796
0.145261
0.19462
0.253198
0.270316
0.453173
0.441292
0.347687
0.367301
0.338527
0.346797
0.356235
0.359239
0.37888
0.389363
0.352743
0.344946
0.331347
0.0981919
0.0742946
-0.160694
-0.169417
-0.168518
0.0470274
0.0508924
0.0457376
-0.00471003
-0.0208687
-0.0210232
-0.0398778
0.0395811
0.047043
0.0484312
0.0440713
0.0266991
0.0395748
0.0571413
0.217935
0.162648
0.162548
0.185302
0.180602
0.179543
0.189206
0.195389
0.166515
0.196762
0.0888409
0.0369729
0.0401346
0.0491002
0.0536417
0.053228
0.0309489
-0.602948
-0.586601
-0.560085
-0.558502
-0.558837
-0.525861
-0.556062
-0.554497
-0.590644
-0.353571
-0.298937
-0.378212
-0.383965
-0.636643
-0.652143
-0.651677
-0.644719
-0.648551
-0.638897
-0.640656
-0.653439
-0.671412
-0.671412
-0.711798
0.0891824
0.0866172
0.0554675
0.0554675
0.0540854
0.0514241
0.0538373
0.0663886
0.0881374
0.0910494
0.0910819
0.0938998
0.114125
0.0332503
0.0169938
0.0952176
0.131633
0.121809
0.123516
0.172444
0.172088
0.176323
0.179472
0.101755
0.0840069
0.207465
0.0568851
0.0652574
0.0665173
0.0675371
-0.050907
-0.141656
-0.151052
-0.147394
-0.149201
-0.0895295
-0.0896985
-0.0915163
-0.0907205
-0.0545115
-0.0481914
-0.14584
0.0618031
0.0753956
0.0794907
0.219468
0.264907
0.223675
0.164205
0.153831
0.162244
0.136498
0.230711
0.231555
0.232873
0.180068
0.088693
-0.00299056
0.0691679
0.0622246
0.0588897
-0.0361822
-0.0547308
-0.0567643
0.0284512
0.0277709
0.0107956
-0.0495423
-0.196791
-0.532418
-0.540635
-0.516453
-0.451222
-0.45112
-0.430415
-0.430517
-0.433175
-0.44046
-0.438188
0.00085612
0.0191966
0.0207889
-0.0206063
-0.0056603
0.0281176
0.0284185
-0.0214679
-0.0507734
-0.0507734
-0.107145
-0.111962
-0.0563082
-0.0549752
-0.0530546
-0.0892343
-0.0811229
-0.166834
-0.166834
0.250919
0.251596
0.251596
0.251715
0.205293
0.269734
0.259061
0.259061
0.265891
0.242513
0.276994
-0.117587
-0.0989105
-0.0655135
-0.0293123
0.00666565
0.0172322
-0.000304342
0.0868377
0.0862408
0.0709348
0.0500636
0.113486
0.109942
0.0851505
0.0283538
0.0305009
0.0265221
0.0181375
-0.0316497
-0.0323933
0.0162042
0.0163097
0.0163097
0.0155715
0.015601
0.0252963
0.0252963
0.0252963
0.0252963
0.0279607
0.0216586
0.466027
0.195093
0.199562
0.0890185
0.0843316
0.0791804
0.0876164
0.0855058
0.0871909
-0.111508
-0.117321
-0.116341
-0.109203
-0.119961
-0.165364
-0.176112
-0.103837
-0.0896356
-0.0923019
-0.0872494
-0.088878
-0.0997197
-0.0878033
-0.0878033
-0.0815131
-0.0815131
0.0795666
-0.0777591
-0.078794
-0.109215
-0.149184
-0.147313
-0.138775
-0.13486
-0.125764
-0.0945149
-0.086651
-0.0814517
-0.104422
-0.0878717
-0.0893423
0.0698107
-0.0851425
-0.0840009
-0.0924208
-0.0860824
-0.089895
-0.12574
-0.171982
-0.223971
-0.208009
-0.214342
-0.230972
-0.228365
-0.225546
-0.225979
-0.212167
-0.212167
-0.214774
-0.194455
-0.156391
-0.161664
-0.114056
0.0595255
0.107282
0.107231
0.110438
0.127764
0.111932
0.113118
0.11331
0.105974
0.105335
0.073398
0.0708564
0.0545035
0.0243007
0.0225065
0.0288852
0.021955
0.0112242
-0.0561485
-0.05923
-0.044069
-0.0422626
-0.0439574
-0.129215
-0.133246
-0.154495
0.0204839
0.000639329
0.00751415
0.00728308
0.028475
0.024569
0.0524195
0.0577081
0.039661
-0.0459576
-0.0409465
-0.0427746
-0.0426792
-0.0353137
-0.0379172
-0.0387865
0.0690205
0.0959157
0.0893479
0.126976
0.102832
0.0677222
0.0454612
-0.0513457
-0.136357
-0.0381041
0.0859094
0.028801
0.0279975
0.0279975
0.072183
0.162009
0.145194
0.26869
0.298624
0.298424
0.309613
0.361302
0.358212
0.360599
0.396274
0.379541
0.379923
0.374031
0.371902
0.395606
0.395684
0.398825
0.32868
0.337941
0.328336
0.288508
0.242196
0.317116
0.318777
0.314898
0.309859
0.32836
0.0612068
-0.324284
-0.340092
-0.334009
-0.361507
-0.351257
-0.353804
-0.377896
-0.378231
-0.31176
-0.31147
-0.289939
-0.295564
-0.291274
-0.260498
-0.245768
-0.213803
-0.125046
-0.13028
-0.122932
-0.108004
-0.112237
-0.108708
-0.101485
-0.0966685
-0.0906538
-0.0860105
-0.0851236
-0.0829815
-0.0888427
-0.0835021
-0.0835021
-0.0823331
-0.0817399
-0.083882
-0.0933142
-0.0924132
0.0408588
0.0470784
0.041652
0.0352757
-0.00833205
-0.0075331
-0.00914445
-0.00757115
-0.00624991
-0.00529182
-0.0710533
-0.0655443
-0.12939
-0.12803
-0.12927
-0.0866717
-0.0920564
-0.0855585
-0.0833672
-0.0963295
-0.0669347
-0.0511162
-0.0079937
-0.0079937
-0.0159019
-0.0100888
-0.0204926
-0.00900277
-0.00911355
-0.0489668
-0.0528339
-0.0528339
-0.0869
-0.119574
-0.116454
-0.126541
-0.180274
-0.179443
-0.180775
-0.0385133
-0.072264
-0.07831
-0.0543066
0.114783
0.111229
0.115777
0.110417
-0.0583006
-0.0648786
-0.0706213
-0.0646956
-0.0281885
-0.0297432
-0.0528313
-0.0512697
-0.0512788
-0.0480171
0.116675
0.172818
0.221399
0.222855
0.225719
0.166591
0.0593121
-0.0485831
-0.0956488
-0.095638
-0.0970636
-0.0886773
-0.156955
-0.152977
-0.149521
-0.149521
-0.158213
-0.093498
-0.0933442
-0.103966
-0.0933207
-0.152162
-0.149326
-0.161096
-0.149198
-0.172958
-0.172958
-0.187387
-0.187387
-0.191383
-0.191488
0.342033
0.342033
0.392703
0.338987
0.33612
0.339067
-0.0396521
-0.0384015
-0.0428616
-0.0463299
-0.0785443
0.00961109
0.0104067
0.0111709
0.00900156
0.0122407
-0.0497589
-0.0369395
-0.0771107
-0.0677118
-0.0677118
0.0681922
0.0715119
0.112406
-0.119646
-0.166657
-0.166657
-0.166657
-0.190041
-0.138785
-0.135754
-0.136886
-0.140232
-0.0443646
-0.0769618
-0.0128734
-0.0338957
-0.0314964
-0.0311538
0.00148339
0.00261538
-0.00311826
-0.0357554
-0.0289423
-0.0316925
0.0262327
0.0432907
0.0474886
-0.0459141
-0.0344985
-0.034478
-0.0431218
-0.0943367
-0.0498583
-0.043464
-0.0516619
-0.0441766
-0.0445018
-0.0532866
-0.0725799
-0.181085
-0.12381
-0.124056
0.05978
0.05978
0.0613109
-0.0047854
-0.00304821
-0.00305248
-0.000874616
-0.00324354
0.0291694
0.0292423
0.029184
0.0211849
0.0211068
0.0253991
-0.177433
-0.0727491
-0.0126698
-0.0147258
-0.0148252
-0.0148804
-0.0206005
-0.0206518
-0.0190124
-0.0914287
-0.074501
-0.0740621
-0.0983719
-0.102146
-0.0631912
-0.0590433
-0.0484525
-0.0547937
-0.056717
-0.0712013
-0.0799689
-0.0882045
-0.0814148
-0.0940676
-0.102629
-0.147812
-0.136717
-0.137023
-0.173508
-0.172351
-0.165745
-0.175081
-0.177967
-0.180637
-0.193871
-0.0924044
-0.0425784
-0.0265958
-0.0181882
-0.0169787
-0.0179906
0.0153255
0.0132248
0.00948114
0.0262588
0.0154186
-0.0157413
-0.0420198
-0.0195454
-0.00408425
0.0182246
0.0200022
-0.0716916
-0.0699087
-0.0673171
-0.0980093
-0.0674985
-0.0716133
0.0798552
0.12052
0.125082
0.11081
0.109621
0.0961168
0.107848
0.0822993
0.384116
0.403524
0.601741
0.60065
0.60018
0.595456
0.567977
0.609076
0.623341
0.653725
0.664734
0.661584
0.301203
0.0906718
0.155957
0.126893
0.132416
0.14912
0.149976
0.131277
0.0702223
-0.252177
0.148203
0.155689
0.0394611
0.0315764
0.0388819
0.0399682
0.0399682
0.0490114
0.151002
0.0823472
0.104237
0.0739964
0.0526453
-0.0569991
-0.0632188
0.134613
0.00116206
0.00541517
-0.0441882
-0.0642016
0.0707018
0.0283767
0.0673324
0.109657
0.0898711
0.0836886
0.0736134
0.113548
-0.0314832
0.015512
-0.0130838
-0.0772608
0.000919175
0.0739615
0.0815798
0.0811814
0.0763437
0.219458
0.220551
0.15221
0.0716272
0.0626643
0.0624881
0.0227686
0.126376
0.126371
0.121538
0.128203
0.123648
0.108841
0.0943617
0.0930142
0.090402
0.0822176
0.0785442
0.0833851
0.0570818
-0.0147883
0.0400501
0.0273229
0.0264676
0.0228034
0.0202034
0.0599229
0.0536948
0.0596028
0.0648938
-0.0694869
-0.114697
-0.132232
-0.0313601
-0.0186585
0.00960474
0.00676957
0.00683923
0.00719097
0.0601143
0.276095
0.257562
0.259422
0.201615
0.140028
0.13018
0.0420006
-0.148012
-0.140831
-0.13622
-0.0235935
-0.137272
0.0525952
0.057457
0.0600427
0.0654692
0.0782967
0.0700807
0.0605742
0.0345438
0.0158865
0.00683963
0.00561321
0.00434192
0.0101861
-0.0255892
-0.0243627
-0.024068
-0.0176818
-0.044225
-0.148393
-0.163072
-0.162832
0.0121201
-0.0120685
-0.0263731
-0.0210512
-0.0337922
-0.0323678
-0.00319072
0.0395772
0.0395772
-0.158508
-0.158183
-0.180943
-0.199917
-0.196346
-0.197294
-0.20764
0.187771
0.18364
0.588471
0.635132
0.634768
0.653797
0.660159
0.565448
0.775563
0.768764
0.539874
0.54098
0.620712
0.22476
0.103883
0.0770123
0.0920461
-0.00501367
-0.00667423
-0.0464399
-0.0941983
0.133862
0.124208
0.127676
0.143802
0.148071
0.166802
0.129648
0.0932909
0.183985
0.174901
0.175861
0.27471
0.287224
0.300621
0.298975
0.28255
0.281459
0.251169
0.248426
0.232102
0.232292
0.232471
0.231718
0.18438
0.190298
0.195389
0.169089
0.205669
0.129982
0.0945425
0.0920497
0.0947381
0.117355
0.061094
0.111295
-0.138802
-0.138802
-0.135555
-0.0986563
-0.0793493
-0.0822122
-0.0841794
0.129019
0.130603
0.144871
0.199635
0.220794
0.168187
0.165188
0.165726
0.169496
0.167945
0.168544
0.17749
0.144051
0.180304
0.269382
0.243117
0.239777
0.239653
0.213253
0.209291
0.241758
0.211145
0.211929
0.242909
0.222836
0.236933
0.237863
0.248928
0.240447
0.246989
0.264007
-0.0232605
-0.0642776
-0.029164
-0.036419
-0.0585395
-0.0335614
-0.0348357
6.4232e-05
-0.0070631
-0.0154012
-0.0165447
0.0450602
0.13229
0.113372
0.132736
-0.127151
-0.136559
-0.247729
-0.234782
-0.300694
-0.300442
-0.332917
-0.409196
-0.468012
-0.463941
-0.487823
-0.488559
-0.507004
-0.540121
-0.319414
-0.318941
-0.25999
-0.230029
-0.19207
-0.192698
-0.194422
-0.194422
-0.242837
-0.242459
-0.224887
-0.210316
-0.46643
-0.207699
-0.230657
-0.234853
-0.19867
-0.202691
-0.216452
-0.226459
-0.224736
-0.226617
-0.248284
-0.246531
-0.245
-0.231886
-0.030705
-0.0244944
-0.0296416
0.0878605
0.0621688
0.0628615
0.0572687
0.0641579
0.208898
0.200605
0.176692
0.133655
0.141112
0.149427
0.149427
0.13725
0.0913169
-0.0401032
-0.134593
-0.134635
-0.126464
-0.124762
-0.079437
-0.079437
-0.0805026
0.0589156
0.0603575
0.0788204
0.0789305
0.0764103
0.102756
0.0536843
0.0156935
0.00748925
0.0141275
0.0416062
-0.00516804
-0.0195871
-0.0193558
-0.125209
-0.1123
-0.0978807
-0.0976162
-0.0695272
-0.0695272
-0.115917
-0.21635
-0.21635
-0.21635
-0.1892
-0.239234
-0.21832
-0.0613927
-0.0557985
0.141317
0.165883
0.190903
0.184949
0.173689
0.162334
0.145658
0.158989
0.171821
-0.0599736
-0.0555956
-0.0245291
-0.111855
-0.120698
-0.136019
-0.158142
-0.164997
-0.140477
-0.122677
-0.107084
-0.100293
-0.099741
-0.0805557
-0.26988
-0.26988
-0.259275
-0.266605
-0.273396
-0.277628
-0.038209
-0.0392121
-0.0463873
-0.0383869
-0.236184
-0.210997
-0.160464
-0.170762
-0.154017
-0.151731
-0.165306
-0.156308
-0.15546
-0.0700737
-0.125378
-0.130088
-0.132909
-0.135165
-0.136133
-0.168644
-0.166637
-0.174136
-0.173287
-0.177984
-0.185228
-0.185228
-0.191399
-0.198915
-0.199446
-0.185871
-0.17519
-0.181184
-0.191761
-0.221859
-0.21814
-0.000184579
0.000454441
0.000454441
-0.00283391
0.0249833
-0.0315693
-0.0102006
0.00381969
0.00381969
-0.178278
-0.22205
-0.224599
-0.193598
-0.195708
-0.205846
-0.209833
-0.209942
-0.208586
-0.214788
-0.208633
-0.151932
-0.0386065
0.00277253
0.0067915
0.00275314
0.00232393
0.0357954
0.0330129
-0.00155055
-0.00633574
0.05399
0.0714141
0.128592
0.144889
0.164196
0.150625
0.15314
0.149371
0.0875158
0.0835722
0.0624228
0.0598779
0.0623652
-0.0681328
-0.014111
0.00525797
0.00255673
0.0137056
0.00103889
0.00108763
-0.0318665
-0.0103299
-0.0643516
-0.2166
-0.237446
-0.235124
-0.223444
-0.236317
-0.246842
0.0341116
0.137097
0.134654
0.135141
0.131835
0.1146
0.1146
0.0760794
0.0554628
-0.0606203
-0.0508034
-0.054543
-0.0177544
-0.00623323
0.0946894
0.112053
0.0847875
0.111678
0.1127
0.0924471
0.0758146
-0.0683767
-0.139327
-0.0802358
-0.0760305
-0.0491136
-0.0491136
0.139289
0.0987673
0.133746
0.177075
0.247766
0.247877
0.254987
0.257137
0.254705
0.149034
0.154598
0.15463
0.147918
0.163614
0.162623
0.163972
0.157965
0.162471
0.160698
0.175765
0.169713
0.166163
0.17217
0.220952
0.279956
0.265852
0.25417
0.218288
0.196983
0.199106
0.202597
0.217065
0.308784
0.315452
-0.26487
-0.28108
-0.272189
-0.277407
-0.27431
-0.271512
-0.201279
-0.235966
-0.229272
-0.253426
-0.262555
-0.270197
-0.280003
-0.0615684
-0.0706518
-0.0799045
-0.0306995
-0.0324374
-0.0334458
-0.175704
-0.0352387
-0.00268145
-0.00041606
-0.0110032
0.00746684
-0.326214
-0.323102
-0.24115
-0.232969
-0.241095
-0.287591
-0.286772
-0.312366
-0.440901
-0.401043
-0.359516
-0.359516
-0.358595
-0.353615
-0.339941
-0.336024
-0.341428
-0.307071
-0.170578
-0.181863
-0.197491
-0.186739
-0.185567
-0.0616639
-0.0651964
-0.0704883
-0.0136553
-0.0164695
-0.0215182
0.0812605
0.0615071
0.0114641
0.0138275
-0.0631817
-0.06819
-0.0714794
-0.0869315
-0.122969
-0.184665
-0.184702
-0.189493
-0.18949
0.178641
0.176776
0.179005
0.192855
0.192568
0.186849
0.183657
0.183944
0.17255
0.176315
0.176601
0.179526
0.182759
0.158969
0.159018
0.447029
0.452663
0.448787
0.483115
0.527477
0.527671
0.525797
0.521584
0.522905
0.430964
0.431029
0.11333
0.118027
0.140787
0.140499
0.138683
0.151193
0.222002
0.220804
0.227149
0.22845
0.228614
0.134507
0.135539
0.135539
0.136415
0.121099
0.114995
-0.030107
-0.0227506
-0.0219803
-0.0208885
-0.0227191
0.0718834
0.138361
-0.012464
-0.0408841
-0.0674559
0.127069
0.132964
-0.00966319
-0.0160783
-0.0327194
-0.0327194
-0.0800815
-0.172678
-0.168784
-0.165728
-0.18389
-0.177847
-0.175705
-0.172339
-0.183432
-0.183432
-0.183934
-0.183934
-0.1879
-0.205166
-0.201333
-0.204226
-0.204226
-0.211186
-0.222393
-0.222165
-0.222592
-0.256862
-0.249764
-0.201821
-0.197282
-0.205314
-0.217266
-0.208901
-0.20834
-0.206441
-0.175112
-0.489655
-0.487668
-0.475572
-0.475145
-0.267788
-0.222147
-0.221514
-0.224683
-0.221737
-0.220678
-0.179517
-0.0230643
0.0254348
0.0605637
0.0442714
0.047212
-0.0713651
-0.0781251
-0.0735755
-0.149164
-0.0490114
-0.0248631
-0.0238114
0.0525244
0.0555427
0.0555767
0.0763612
0.0714722
0.0710915
0.0737208
0.0682446
0.0522321
0.0460189
0.0518756
-0.297483
-0.297591
0.523417
0.526898
0.446728
0.434052
0.415311
0.414066
7.03113e-05
-0.0393906
-0.0330784
-0.0345281
-0.10506
-0.102886
-0.100309
-0.0990645
0.321557
0.321622
0.308757
0.306834
0.319267
0.320025
0.320329
0.497579
0.484461
0.470622
0.461794
0.463134
0.430604
0.445335
0.447568
0.443171
0.467643
0.479553
0.177246
0.169905
0.191625
0.186388
0.177698
0.187767
0.178501
0.137971
0.0767093
0.104525
0.0113235
-0.0852258
-0.0859005
-0.0842202
-0.0894501
-0.0696506
-0.13632
-0.138769
-0.0497757
-0.0454685
-0.0681708
-0.070182
-0.0756877
-0.0812175
-0.114894
-0.121445
-0.121681
-0.116066
-0.114754
-0.125273
-0.113239
-0.112577
-0.118093
-0.118825
-0.148852
-0.144522
-0.128103
-0.124155
-0.326072
-0.366725
-0.284857
-0.284315
-0.284313
-0.303106
-0.274256
-0.274256
-0.29897
-0.291757
-0.198264
-0.197412
-0.196928
-0.198045
-0.206622
-0.154342
-0.371422
-0.361405
-0.369751
-0.370783
-0.365015
-0.332182
-0.335073
-0.342534
-0.356906
0.444967
0.440735
0.417247
0.398472
0.395061
0.391417
0.176121
-0.469656
-0.491901
-0.491901
-0.492407
-0.492407
-0.10328
-0.108795
-0.0501691
-0.038933
0.0133553
0.00700756
0.00311483
0.00215786
-0.0012148
-0.000659502
0.00535124
-0.256374
-0.204946
-0.222812
-0.17627
-0.17627
-0.169895
-0.0812558
-0.0417893
-0.0380322
0.00238145
0.00238145
0.0136631
0.0163596
0.0199362
0.0212372
-0.0191764
-0.019608
-0.0314134
-0.0334786
-0.116429
-0.11096
-0.0534237
0.000421673
0.0088306
0.065059
0.0129326
0.0159024
0.05616
0.0302082
0.0447389
0.0328283
0.0318552
-0.00351093
-0.0139243
-0.0069577
0.0196577
0.10516
0.0965849
0.0935055
0.0915212
-0.00394036
-0.00530019
-0.0349096
-0.0374185
-0.120393
-0.1259
-0.0476606
-0.0423552
-0.108684
-0.111914
-0.117192
-0.122615
0.0496702
0.0563056
0.151767
0.144653
0.154129
0.161662
0.0536992
0.0545446
0.0726942
0.0483376
0.029263
0.0278177
0.0293044
0.0184617
0.0255546
0.0364437
0.0355987
-0.108603
-0.108505
-0.112666
-0.111806
-0.108777
-0.13052
-0.129169
-0.126913
-0.113583
-0.110767
-0.108931
-0.106573
-0.108388
-0.142779
-0.122313
-0.120334
-0.122562
-0.0539567
-0.051274
-0.060925
-0.0718319
-0.115958
-0.117159
-0.129804
-0.0681555
-0.0619287
-0.0751803
-0.0761726
-0.151338
-0.158122
-0.151648
-0.170032
0.32679
0.351008
0.199084
0.212972
0.210829
0.216885
0.217313
0.275933
0.211915
0.2863
0.291418
0.310059
0.320019
0.322721
0.321845
0.325313
0.443217
0.363516
0.37053
0.362768
0.333383
0.391553
0.389427
0.369909
0.363979
0.343918
0.343276
0.344348
0.346801
0.339956
0.362327
0.389983
0.377255
0.392889
0.389814
0.420951
0.403658
0.402981
0.423559
0.308026
0.295632
0.307353
0.304705
0.402602
0.419038
0.411928
0.413132
0.408842
0.410235
0.412286
0.382284
0.383591
0.381548
-0.262282
-0.257543
-0.268188
-0.268563
-0.268505
0.255247
0.259966
0.272488
0.27307
0.276213
0.300821
0.322495
0.277495
0.280389
0.162416
0.16008
0.249151
0.249657
0.270364
0.269029
0.267582
0.271103
0.250957
0.30345
0.28948
0.308081
0.332609
-0.0131853
-0.00820865
-0.0476017
-0.0571713
-0.0780531
-0.0536828
-0.0430545
-0.0445596
-0.0452557
-0.0620047
-0.0591435
-0.0587552
-0.0616973
-0.0598485
-0.079031
-0.0559651
-0.0518545
-0.0452512
-0.0402676
-0.0546159
-0.048825
-0.0547928
-0.0504778
-0.0542735
-0.0604472
-0.0593077
-0.0623261
-0.0524598
-0.0580929
-0.0513255
-0.0557406
-0.0603269
-0.0896922
-0.0896922
-0.0896922
-0.0896922
-0.106485
-0.0801051
-0.0801051
-0.0799252
-0.0839211
-0.0839211
-0.0521518
-0.0521518
0.0381341
-0.0446434
-0.0406646
-0.0366687
-0.0366687
-0.0326911
-0.0360646
-0.0360646
-0.0360294
-1.04595
-1.03153
-1.05962
-1.06017
-0.937593
-0.937593
-0.937593
-0.909504
-0.91125
-0.91125
-0.920401
-0.918655
-0.918655
-0.918655
-1.04112
-1.08766
-1.08769
-0.0777674
-0.0932469
-0.0764542
-0.0814962
-0.0814962
-0.0814962
-0.0814962
-0.0814962
-0.113266
-0.113095
-0.113095
-0.113324
-0.113209
-0.113209
-0.113209
-0.108167
-0.0750992
-0.310604
-0.31049
-0.267238
-0.335032
-0.335297
-0.335273
-0.349692
-0.349692
-0.34984
-0.350423
-0.363963
-0.365352
-0.365684
-0.365684
-0.392234
-0.392234
-0.0691096
-0.0592672
-0.058355
-0.0825641
-0.08279
-0.0799011
-0.0711628
-0.0615932
-0.0735558
-0.0660616
-0.0669706
-0.0645849
-0.0657109
-0.104587
-0.121708
-0.127164
-0.129852
-0.108122
-0.111011
-0.127365
-0.136935
0.387435
0.402251
0.393208
0.395534
0.385749
0.415545
0.416597
0.428393
0.411792
0.421577
0.421597
0.420958
0.408517
0.378442
0.364904
0.414596
0.436114
0.448555
0.461148
0.461147
0.465342
0.459175
0.460197
0.460096
0.460096
0.454878
0.536812
0.529868
0.532744
0.509011
0.492197
0.508044
0.50348
0.493776
0.494126
0.48054
0.488886
0.489861
0.500244
0.454245
0.457703
-0.0365181
-0.101384
-0.113335
-0.0551964
-0.0668275
-0.0823086
-0.109356
-0.0814337
-0.0381464
-0.0359037
-0.0278799
0.0178355
-0.010087
0.00376847
-0.0726079
-0.0794929
-0.0547566
-0.0555587
-0.0555587
-0.0807347
-0.0799846
-0.000999716
0.00191777
0.0146451
0.0389488
0.126258
0.0427351
0.0396107
0.0546535
0.0544267
-0.00362599
-0.00223509
0.0102764
0.0106038
0.00702899
0.00565366
0.00529586
0.00628859
0.00841121
0.00867057
0.0558374
0.0560139
0.0574838
0.0310267
0.0125871
0.0652793
0.0779515
0.0479653
0.0479618
0.0479688
0.0477014
0.0458309
0.0477542
0.0461067
0.0440966
0.044099
-0.00706591
-0.00541843
-0.0184449
-0.147921
-0.0613993
-0.131681
-0.12813
-0.136261
-0.115963
-0.121367
-0.153948
-0.156446
-0.159685
-0.200079
-0.19074
-0.168553
-0.143922
-0.111429
-0.118185
-0.104592
-0.100625
-0.0363606
-0.0224481
-0.0217406
-0.0327303
0.061482
0.0621071
-0.0568469
-0.0568469
-0.057831
-0.0580115
-0.0605328
-0.0763612
-0.0653715
-0.0717381
-0.089023
-0.063303
0.147325
0.148022
0.172704
0.14598
0.0514416
0.0449324
0.0420363
-0.0048087
-0.00293915
0.001681
0.00139452
0.00128211
-0.0102628
-0.011107
-0.0782463
-0.172459
-0.174928
-0.219923
-0.219923
-0.154265
-0.154834
-0.146957
-0.162864
-0.247588
-0.22702
-0.22948
-0.242213
-0.0499432
-0.0499432
-0.0583369
-0.0312529
-0.0822301
-0.0768398
-0.0935869
-0.100039
-0.144615
-0.145547
-0.118216
-0.108485
-0.132701
-0.133848
-0.133848
-0.022911
-0.0348512
-0.035286
-0.0654268
-0.041278
-0.0219552
-0.0413125
0.0790308
0.123518
0.104932
-0.032487
-0.0366275
-0.0579928
-0.0564901
-0.0724282
-0.071033
-0.0827589
-0.0920063
-0.0810259
-0.06177
-0.06177
-0.0492093
-0.0914266
-0.0940885
-0.100572
-0.100871
-0.142972
-0.144789
-0.132331
-0.129748
-0.127306
-0.12181
-0.110902
-0.0859246
-0.0880903
-0.100971
-0.0579504
-0.0402974
0.0146099
0.0131213
0.153746
0.167689
0.157479
0.292431
0.313411
-0.0699283
-0.0884553
-0.0884553
-0.114658
-0.171922
-0.157837
-0.148284
-0.135748
-0.128882
-0.141871
-0.122794
-0.154582
-0.293478
-0.280678
-0.271766
-0.258863
-0.28416
-0.330474
-0.332649
-0.332649
-0.471946
-0.629977
-0.630228
-0.59491
-0.59897
-0.60477
-0.60477
-0.585462
-0.579515
-0.304314
-0.304314
-0.302611
-0.180924
-0.180461
-0.257212
-0.253708
-0.254379
-0.212601
-0.218961
-0.256273
-0.263344
-0.143761
-0.133113
0.0669638
0.0606914
-0.0412531
-0.0325969
-0.0441843
-0.0261525
-0.0306718
-0.0315223
-0.160445
-0.156969
-0.220342
-0.18692
-0.152988
-0.152988
-0.0881322
-0.0795751
-0.0909498
-0.185768
-0.227746
-0.214343
-0.116644
-0.118127
-0.117719
-0.122828
-0.0574691
-0.0642119
-0.138483
-0.144778
-0.164699
-0.151598
-0.158921
-0.0129728
-0.0113971
0.115096
0.109719
0.108465
0.155257
0.0317923
0.0317923
0.0275477
0.0904472
0.100099
0.00116467
-0.00102947
-0.00027809
-0.000704854
0.00305443
-0.0620864
-0.0594459
0.122572
0.119432
0.133356
0.133041
0.100992
0.0981413
0.0526954
0.0540682
0.0516577
0.0563348
0.0601998
0.0623226
0.0208368
0.0192122
-0.053292
-0.0706659
-0.0525888
-0.0524319
-0.0518718
-0.0493004
-0.0492386
-0.0557688
-0.0732358
-0.0525358
-0.194533
-0.167324
0.0465122
0.0454109
0.0446299
0.0602796
0.0573368
0.0364274
0.0255802
0.0473085
0.0737614
0.0736584
0.0736584
0.0840307
0.0357867
0.0219424
-0.0166902
-0.00883629
0.0138396
0.0171788
0.0737834
0.0824114
0.0952542
0.0976974
0.0867927
0.0866359
0.0862695
0.076218
0.0336151
0.0262988
0.0471361
0.0213954
0.0138848
0.0360918
0.042838
0.232582
0.270707
0.244804
0.252087
0.21865
0.174932
0.171868
0.165122
0.169
0.210516
0.213581
0.20926
0.24048
0.246073
0.24509
0.278778
0.305005
0.276635
0.207923
0.177003
0.181323
0.185428
0.182363
0.108995
0.200903
0.242496
0.238814
0.207553
0.159744
0.1858
0.246397
0.245926
0.227777
0.219336
0.132849
0.0941201
-0.0851415
-0.0636395
-0.0720461
-0.048932
-0.0991209
-0.101759
-0.108047
-0.103894
-0.111815
-0.103894
-0.136795
-0.196756
-0.195882
-0.167259
-0.0736314
-0.0726846
-0.190633
-0.191547
-0.182987
-0.182058
-0.150124
-0.0916624
-0.146029
-0.100941
-0.0802409
-0.0802409
-0.0993993
-0.0210525
-0.0290446
-0.0405618
-0.0239603
-0.0427942
-0.117823
-0.14878
-0.12026
-0.119306
-0.109203
-0.10513
-0.0501124
-0.0461879
-0.0314341
-0.0350897
-0.0375224
-0.0445843
-0.0442265
-0.0801176
-0.108637
0.519508
0.513721
0.472825
-0.147895
-0.161974
-0.168256
-0.164225
-0.172218
-0.181182
-0.181145
-0.175268
-0.184961
-0.188394
-0.189533
-0.189533
-0.197319
-0.137985
-0.15847
-0.161905
-0.138946
-0.259262
-0.259527
-0.254719
-0.254719
-0.249454
-0.108142
-0.126205
-0.119827
-0.106018
-0.418331
-0.388247
-0.384997
-0.362928
-0.385287
-0.395352
-0.344772
-0.344805
-0.337529
-0.323556
-0.305495
-0.314699
-0.32103
-0.291682
-0.325435
-0.316237
-0.316237
-0.312395
-0.300576
-0.0949806
-0.105885
-0.0504755
-0.0482969
0.0863406
0.0185968
0.0254912
0.0158686
0.0194867
0.00639538
-0.037996
-0.00419264
0.00588358
-0.257723
-0.214844
-0.216527
-0.201775
-0.207855
-0.208593
-0.217562
-0.250836
-0.261692
-0.262309
-0.301507
-0.340968
-0.358291
-0.359188
-0.358318
-0.346277
-0.347109
-0.356735
-0.345269
-0.345626
-0.358341
-0.367887
-0.333687
-0.335056
-0.341588
-0.335185
-0.31599
-0.314733
-0.313381
-0.332981
-0.134892
-0.134345
-0.136738
-0.137889
-0.133889
-0.160236
-0.167108
-0.146515
-0.0759278
-0.072878
-0.0666583
-0.0622811
-0.0608021
-0.0651568
-0.0532005
-0.0505026
-0.0450758
-0.057222
-0.0557547
-0.0581208
-0.0550166
-0.0632183
-0.0673497
-0.0903247
-0.0910353
-0.0991092
-0.101352
-0.302398
-0.287879
-0.287879
-0.261843
-0.248003
-0.248003
-0.183179
-0.16231
-0.169007
-0.158964
-0.159096
-0.143678
-0.107878
-0.104797
-0.0807143
-0.154023
-0.14998
-0.0189764
-0.00350168
-0.0187867
-0.0800211
-0.108362
-0.110461
-0.218989
-0.191388
-0.19007
-0.19007
-0.0314545
-0.0415397
-0.200867
-0.222762
-0.240579
-0.255488
-0.0448733
-0.015257
-0.122166
-0.127902
-0.151395
-0.153313
-0.146643
-0.167488
-0.190549
-0.172526
-0.1716
-0.122784
-0.0598635
-0.0849306
-0.0574637
-0.0626292
-0.0562162
-0.0651913
-0.0516494
-0.0190686
0.21017
0.190258
0.208052
0.200143
0.241273
0.257207
0.0896631
0.0776461
0.0587825
0.0689251
0.0635921
0.0701268
0.0681113
-0.0316426
-0.0402993
-0.0434309
-0.0259256
-0.0629007
-0.0921623
-0.112167
-0.198641
-0.187515
-0.191788
-0.168467
-0.213339
-0.074859
-0.0570183
0.0993621
0.0879938
-0.0223768
-0.0297202
-0.0293686
-0.0241152
-0.0205197
-0.0308734
-0.02583
-0.02583
-0.0480438
-0.0461166
-0.0604819
-0.0435261
-0.0106684
-0.0817042
-0.0813978
-0.0809461
-0.0811478
-0.0811478
-0.0691643
-0.0967825
-0.0977886
-0.100659
-0.121632
-0.13028
-0.15956
-0.0885367
-0.107411
-0.100072
-0.10267
-0.112341
-0.124042
-0.248558
-0.250044
-0.22379
-0.208585
-0.300786
-0.281723
-0.112721
-0.099915
-0.101349
-0.101809
-0.134635
-0.0454872
-0.0521737
0.269506
0.269
0.278618
0.279797
0.304116
0.306262
0.336303
0.336343
0.342621
0.34362
-0.029204
-0.0390422
-0.0417315
-0.230993
-0.228415
-0.230549
-0.12464
-0.144322
-0.154297
-0.154799
-0.151586
-0.175514
-0.175443
-0.203298
-0.206536
-0.123764
-0.216565
-0.199797
-0.194542
-0.237408
-0.252714
-0.247192
-0.240176
-0.212656
-0.242986
-0.244723
-0.0070093
-0.000191767
0.00394753
0.0709198
0.100288
0.107176
-0.0599242
-0.0664625
0.178961
-0.0653208
0.178961
0.163034
0.164607
-0.20249
-0.152025
-0.229398
-0.216985
-0.201709
-0.217495
-0.217575
-0.217506
-0.199243
-0.19905
-0.0869709
-0.0919352
-0.0971735
-0.0970435
-0.0569784
-0.0530824
-0.0713446
-0.0686683
-0.0687408
-0.0370204
-0.0349833
-0.0348971
-0.058699
-0.0586963
-0.0588701
-0.12283
-0.106995
-0.118148
-0.167803
-0.168733
-0.160247
-0.056201
-0.0169586
-0.0160196
-0.00278101
0.0108342
0.0111463
0.00625204
0.0405795
-0.0556726
-0.0229737
-0.0226025
0.0479782
0.0381172
-0.0305174
-0.0196592
0.089254
0.0924132
0.0625545
0.0568775
0.0544207
0.0639716
0.0652031
0.0553386
0.0419949
0.0420203
0.038516
0.0353978
0.0185811
0.0548132
-0.0358557
0.0576447
0.029967
0.0239151
0.128683
0.122757
0.117764
0.0947569
0.0948059
0.0779654
0.080519
0.0703286
0.0707345
0.0723749
0.0665247
0.066522
0.0698478
0.0608639
0.0608389
0.05847
0.0619177
0.0547084
0.0824733
0.0850498
0.0484074
0.0237953
0.02287
0.0237955
0.0237955
-0.0104786
0.0394927
0.00608527
0.0380533
0.0341303
0.00919874
0.203435
0.193061
0.0542884
0.0740865
0.0542884
0.732414
0.690026
0.690511
0.686575
0.680043
0.643586
0.642129
0.656447
0.556899
0.586237
0.587181
0.580552
0.585916
0.887382
0.885382
0.898466
0.919528
0.896709
0.888952
0.896487
0.947522
0.861209
0.879561
0.893298
0.839118
0.760543
0.741836
0.96937
0.994617
0.989721
1.00533
1.03092
1.02086
0.976227
0.0237409
0.0262008
0.00899698
-0.0704687
-0.050044
-0.0603498
-0.0603498
-0.0602188
-0.213191
0.243121
0.245503
0.244809
0.187284
0.186802
0.202582
0.211892
0.207842
0.196316
0.197249
0.179517
0.198091
-0.0784414
-0.0784414
-0.0746027
-0.0973423
-0.0958287
-0.0994251
-0.0961368
0.145188
0.140014
0.106411
-0.243639
-0.239041
-0.21651
-0.159898
-0.166557
-0.150831
-0.11551
-0.0967972
-0.134836
-0.141303
-0.127996
-0.129396
-0.103904
-0.235234
-0.240074
-0.203157
-0.203264
-0.20768
-0.20768
-0.202266
-0.200932
-0.162893
-0.159899
-0.113086
-0.11664
-0.111161
-0.108673
-0.10443
-0.106604
-0.0219856
-0.0252407
-0.000540702
-0.0201282
-0.0201981
-0.0184952
-0.0183752
0.0104701
-0.0369849
-0.0545235
-0.0558917
-0.162997
-0.163592
-0.164723
-0.154541
-0.141958
-0.178982
-0.177613
-0.260721
-0.258752
-0.256578
-0.204811
-0.203829
-0.146358
-0.139407
-0.0914726
-0.119782
-0.0871627
-0.14694
-0.151435
-0.153403
-0.141333
-0.0545028
-0.107735
-0.159876
-0.159682
-0.160591
-0.095302
-0.0844631
-0.0781802
-0.0694376
-0.0656306
-0.0698233
-0.0776236
-0.0812947
-0.139418
-0.107539
-0.0948187
0.0576695
0.161215
0.117309
0.0440701
0.04923
-0.00127255
0.0711685
0.0881115
0.116651
0.115681
0.0996661
0.0780133
0.0803483
0.0382699
0.0243129
0.0551261
0.0539217
0.0864537
0.126254
0.131654
-0.0443541
0.131654
0.13707
0.140298
0.141446
0.137539
0.114863
0.113745
0.0994774
0.104232
0.0990721
0.135535
0.0657473
0.0556818
0.05037
0.104118
0.0762529
0.0918449
0.0901905
0.141503
0.147517
0.0675751
-0.0644856
-0.0729398
-0.0732797
-0.078872
-0.0749609
-0.0640103
-0.0291516
-0.0270179
-0.0322568
-0.0741159
-0.0896941
-0.0550872
-0.0567561
-0.0383577
-0.0729646
-0.265274
-0.277861
-0.27987
-0.317965
-0.324671
-0.131353
-0.139912
-0.131353
-0.142077
-0.14142
-0.134527
-0.1407
-0.138225
-0.133815
-0.130408
-0.13072
-0.159542
-0.171331
-0.173383
-0.243418
-0.237403
-0.856557
-0.906146
-0.902485
-0.904331
-0.855891
-0.858582
-0.856615
-0.722502
0.00988089
0.0138207
0.0161556
-0.0343657
0.0259367
0.0285437
-0.0935623
-0.0923133
-0.0942976
-0.0870696
-0.0815465
-0.0222622
-0.0216684
-0.0224021
-0.0224716
-0.0226876
-0.0225142
-0.0227427
-0.170001
-0.170534
-0.170534
-0.0241261
-0.0339055
-0.0338215
-0.0321386
0.00940938
0.0199092
0.0329345
-0.216163
-0.216109
-0.209094
-0.209094
0.00681571
0.00321309
-0.00140627
-0.0386428
-0.0341625
0.283714
0.334765
0.325723
0.327594
0.318404
0.318068
-0.0713516
-0.158866
-0.244896
-0.236479
-0.256385
-0.254978
-0.258941
-0.270629
-0.261113
-0.258701
-0.228022
-0.229836
-0.174006
-0.17455
-0.157912
-0.0568837
-0.0548462
-0.0565171
-0.0569088
-0.0541223
-0.120331
-0.135097
-0.135097
-0.135045
-0.0909309
-0.0942916
-0.100973
-0.0993317
-0.0140311
-0.0148036
-0.0147681
-0.00932728
-0.0298285
-0.0109985
-0.0127214
-0.0694509
-0.0615907
-0.0695344
-0.122756
-0.125515
-0.128022
-0.0811894
-0.118201
-0.0849884
-0.126671
-0.124133
-0.201728
-0.19558
-0.208354
-0.199839
-0.167079
-0.181466
-0.19509
-0.208565
-0.207054
-0.207054
-0.067016
-0.0638181
-0.0412866
-0.0638181
-0.0807208
-0.0979599
0.0657231
0.0773149
-0.144518
-0.197813
-0.198145
-0.198146
-0.195966
-0.197477
-0.194633
-0.200689
-0.200689
-0.187065
-0.180863
-0.180531
-0.171682
-0.181437
-0.182039
-0.0631105
-0.0345123
-0.0366838
0.174149
0.0614732
0.0913851
0.0910931
0.159383
0.148094
0.127452
0.113828
0.112089
0.130571
0.0992661
0.0969021
0.123188
0.128585
0.0704251
-0.120079
-0.0921938
-0.0971102
0.0703541
0.0703541
0.114602
0.50188
0.463143
0.467522
0.477042
0.493767
0.330287
0.220657
0.215114
0.258978
0.251141
0.239688
0.232038
0.253845
0.262053
0.285557
0.287967
0.291979
0.294627
0.2902
0.294515
0.0302401
0.0246905
0.0579132
0.0810584
0.0822491
0.0667468
0.0667168
0.0545341
-0.025119
0.0250112
0.0145298
0.0440654
0.0445482
-0.0957765
-0.0956201
-0.0983104
-0.110875
-0.219275
-0.223148
-0.240077
-0.240077
-0.232144
-0.183714
-0.183714
-0.207825
-0.210825
-0.222643
-0.21232
-0.168289
-0.17669
-0.224153
-0.23076
-0.196507
-0.196507
-0.246294
-0.236326
-0.211477
-0.241035
-0.191248
-0.189525
-0.197173
-0.198895
-0.189076
-0.189076
-0.203317
-0.203317
-0.184136
-0.18014
-0.184118
-0.193331
-0.125156
-0.0120108
0.552882
0.477543
0.279579
0.282189
0.358258
0.350267
0.505293
0.526334
0.500937
0.499761
-0.0996829
-0.0949286
-0.0925759
-0.0853339
-0.0910149
-0.083833
-0.288097
-0.295635
-0.36024
-0.299786
-0.292999
-0.285617
-0.293771
-0.293684
-0.266671
-0.266787
-0.313156
-0.30968
-0.259234
-0.263391
-0.258646
-0.245163
-0.260496
-0.260496
-0.349599
-0.352561
-0.0978559
-0.0943242
-0.115726
-0.215541
-0.206006
-0.247329
-0.201404
-0.200055
-0.336885
-0.451655
-0.345724
-0.308702
-0.267135
-0.237498
-0.282272
-0.282483
-0.287102
-0.168241
-0.334428
-0.352084
-0.353912
-0.354458
-0.323996
-0.304601
-0.290549
-0.282737
-0.252708
-0.485395
-0.488717
-0.506431
-0.506201
-0.534562
-0.531113
-0.412682
-0.410854
-0.0424043
-0.0497522
-0.075276
-0.104182
-0.116926
-0.317978
-0.317978
-0.360576
-0.492635
-0.463505
-0.477065
-0.0960093
-0.0800493
-0.0931196
-0.176624
-0.166994
0.12583
0.154401
0.0942343
0.072999
0.0623641
0.0765997
0.0616941
0.058749
0.0534264
0.0526339
0.0940716
0.10312
0.165679
0.183506
0.180328
0.170371
0.163496
0.176833
0.170474
0.154653
0.154802
0.13904
0.159699
0.154951
0.166896
0.175191
0.366673
0.343224
0.365614
0.368641
0.160464
0.151019
-0.662563
-0.668834
-0.750074
-0.755764
-0.751034
-0.80276
-0.751562
-0.246227
-0.180779
-0.17664
-0.174789
-0.180995
-0.295923
-0.295923
-0.288444
-0.338317
-0.263508
-0.282247
-0.309662
-0.288529
-0.192512
-0.223639
-0.21602
-0.209813
-0.206862
-0.219038
-0.198609
-0.171599
-0.165082
-0.0236713
-0.0653976
-0.168261
-0.165958
-0.186119
-0.153927
-0.155508
-0.0665616
-0.065997
-0.127396
-0.0856697
-0.0791505
-0.0774264
-0.107111
-0.108149
-0.187569
0.12783
0.0880636
0.107559
0.146674
0.153936
0.133176
0.100041
0.109132
-0.048182
-0.0473234
-0.145012
-0.0735402
-0.0773334
-0.0494204
-0.021694
-0.0148721
-0.00340727
0.0395495
0.0256397
-0.19117
-0.00202637
0.0527668
0.0554122
0.0105927
0.0323304
0.0408561
0.0454202
-0.0483077
-0.0700454
-0.0754878
-0.192221
-0.210721
-0.200924
-0.137162
-0.127975
-0.118673
-0.182424
-0.0999343
-0.10846
-0.119197
-0.196803
-0.20108
-0.245551
-0.213774
-0.215426
-0.211212
-0.208307
-0.241163
-0.162366
-0.00666938
-0.0226891
-0.00835036
-0.0596784
-0.0556451
0.0709688
0.0687026
0.0639721
0.0792738
0.0350278
0.0833752
0.0900458
0.090539
0.08885
0.0757461
0.0664942
0.0396228
0.0411607
-0.0765395
-0.0816824
-0.082897
-0.0832505
0.143225
0.170766
0.133081
0.139377
0.0583025
0.0940006
0.0909683
0.0907864
0.108379
0.122522
0.136312
0.135846
0.0997183
0.0356485
0.145287
0.103561
0.136243
-0.00597724
-0.104129
-0.103797
-0.202335
-0.171935
-0.172525
-0.181816
-0.181816
-0.14009
-0.0742103
-0.0756982
-0.0927029
0.00538039
-0.00234817
0.0115247
-0.0599021
-0.0597349
-0.0421391
0.0614653
0.0376461
0.0286079
-0.00195032
0.00919854
0.0900813
0.0914202
0.149591
0.206442
0.210397
0.210431
0.24124
0.299513
0.327211
0.285363
0.275777
0.283613
0.271139
0.271922
0.359779
0.286476
0.270867
0.268679
0.224625
0.222327
0.21525
0.184988
0.214958
0.243623
0.227524
0.221769
0.21843
0.212815
0.180032
0.355419
0.394582
0.410335
0.402005
0.332977
0.374562
0.380379
0.343473
0.272714
0.170386
0.108047
0.159121
0.169
0.150425
0.209236
0.271575
0.272808
0.306563
0.205086
0.25512
0.272355
0.279743
0.310214
-0.0827987
-0.095864
-0.137002
0.449507
0.519976
0.550897
0.567667
0.54622
0.54622
0.571981
0.594196
0.574533
0.509756
0.551929
0.563223
0.634345
-0.0281276
-0.0529569
-0.0604874
-0.0597731
-0.143064
-0.13341
-0.135413
-0.136731
0.0135011
-0.0333412
-0.0469607
-0.112624
-0.177306
-0.173732
-0.103505
-0.104482
0.0152658
-0.115334
-0.113023
-0.103778
-0.105524
-0.0386607
-0.0360732
-0.0423302
-0.123283
-0.113043
-0.106927
-0.089785
-0.0875266
-0.0885947
-0.0983002
-0.0977959
-0.135754
-0.121389
-0.123656
-0.045472
-0.045472
-0.0630747
-0.0623822
-0.0421293
-0.0420427
-0.0474492
-0.11766
-0.131589
-0.137193
-0.135368
-0.131508
-0.13592
-0.120993
-0.11746
-0.111612
-0.107678
-0.12793
-0.0229285
-0.0225455
-0.00303179
0.00965995
-0.0303102
-0.0305166
-0.0579045
0.020458
-0.0665906
-0.0703065
-0.0643837
-0.0642626
-0.0691474
-0.0910248
-0.0984208
-0.0987448
-0.0971596
-0.0985668
-0.10193
-0.0678825
-0.0905907
-0.0776834
0.0179977
0.0194015
0.0109504
0.0151308
0.0095632
0.0213023
0.0165185
0.00925889
0.0868796
0.0734745
0.00782207
0.00947748
0.012782
0.0169383
0.0155785
0.010152
0.0131357
0.0570694
0.0570027
0.0738362
0.135244
0.143607
0.141232
0.143291
0.00610073
0.0499268
0.0372739
0.0828498
0.0783044
0.0773463
0.0918751
0.0963942
0.0962876
0.0981522
0.114208
0.12322
0.0694313
0.0440253
0.0514953
0.0554934
0.0808994
0.139065
0.0785091
0.0800657
0.0780254
0.0914744
0.0955832
0.0967191
-0.392116
-0.309839
-0.384976
-0.387258
-0.220836
-0.178284
-0.179408
-0.208975
-0.216587
-0.216513
-0.24015
-0.144036
-0.148566
-0.158522
-0.279757
-0.27679
-0.243767
-0.253954
-0.243374
-0.239266
-0.214471
-0.12452
-0.252653
-0.268643
-0.385118
-0.411405
-0.385734
-0.375695
-0.281269
-0.192208
-0.183485
-0.192695
-0.195101
-0.194097
-0.205575
-0.205546
-0.465704
-0.461642
-0.444429
-0.446845
-0.453116
-0.419273
-0.452712
-0.505922
-0.31554
-0.282381
-0.298471
-0.339065
-0.334828
-0.468153
-0.424816
-0.431696
-0.429552
-0.323136
-0.329375
-0.333686
-0.337742
-0.327069
-0.324497
-0.323949
-0.32575
-0.32575
-0.32578
-0.317518
-0.316309
-0.34149
-0.344082
-0.228684
-0.229176
-0.221745
-0.239283
-0.222127
-0.382373
-0.434789
-0.435783
-0.419188
-0.396252
-0.421989
-0.175996
-0.168962
-0.138977
-0.13987
-0.13987
-0.13987
-0.146426
-0.189559
-0.179825
-0.140576
-0.173716
-0.253285
-0.265319
-0.244567
-0.244593
-0.239094
-0.238928
-0.189369
-0.21123
-0.133789
-0.175999
-0.182811
-0.182868
-0.196882
-0.19153
-0.196882
-0.205775
-0.267977
-0.234935
-0.194173
-0.229338
-0.228283
-0.23959
-0.23909
-0.27003
-0.259597
-0.264735
-0.245681
-0.218696
-0.122299
-0.109317
-0.151546
-0.187584
-0.207915
-0.214614
-0.20378
-0.138553
-0.138282
-0.107556
0.0808052
0.196113
0.198282
0.197132
0.197906
0.157718
0.154927
0.240251
0.0841785
0.0443986
0.0548281
0.0778269
0.0834504
0.06935
0.0730905
0.0201946
0.0363663
0.0336227
0.0588997
0.0620715
-0.0381428
-0.0160805
-0.0302385
0.00992312
0.0108768
0.0431631
0.0798414
0.0728568
0.0861829
0.0713428
0.0700416
0.131516
0.135961
0.159275
0.0713602
0.0604306
0.0815741
0.086363
0.0640992
-0.0399251
-0.0317368
0.017474
0.0300854
0.0228932
0.049796
0.035505
0.0330894
0.0390104
0.0316516
0.0556654
-0.0281601
-0.0516102
-0.034317
-0.000679215
-0.00348808
-0.0255591
-0.0319562
-0.0152939
-0.00970926
-0.016398
-0.029027
-0.029027
-0.048371
-0.047139
-0.0850264
-0.120691
-0.116501
-0.161601
-0.161601
-0.129829
-0.133042
-0.142809
-0.143347
-0.139845
-0.157608
-0.168654
-0.279974
-0.236645
-0.208239
-0.204675
-0.275444
-0.31229
-0.142578
-0.131917
-0.105347
-0.120857
-0.121442
-0.0251158
0.0824946
0.0848323
0.0645122
0.257203
0.140696
0.214442
0.193193
0.182324
0.187715
0.189838
-0.0126041
-0.254775
-0.248614
-0.199763
-0.205015
-0.212467
-0.214069
-0.195485
-0.238038
-0.256656
-0.267309
-0.271272
-0.337133
-0.381928
-0.37923
-0.372993
-0.360224
-0.360813
-0.360472
-0.360198
-0.360894
-0.355256
-0.365194
-0.352136
-0.357782
-0.364444
-0.359566
-0.246253
-0.236625
-0.229965
-0.155959
-0.156724
-0.342667
-0.272134
-0.280585
-0.279679
-0.341092
-0.342769
-0.334967
-0.34043
-0.340744
-0.339063
-0.340478
-0.340892
-0.33556
-0.328275
-0.343823
-0.337269
-0.229066
-0.273249
-0.275577
-0.283114
-0.285147
-0.283806
-0.280261
-0.290714
-0.287511
-0.290642
-0.283583
-0.2782
-0.284664
-0.283884
-0.281328
-0.294845
-0.221553
-0.217835
-0.202623
-0.205448
-0.222193
-0.219368
-0.213867
-0.177378
-0.177178
-0.168406
-0.165734
-0.164291
-0.161139
0.1214
0.119913
0.111475
0.101298
0.101661
-0.143244
-0.143293
-0.143221
-0.0961146
0.0221477
0.0136672
0.00326508
0.0015299
0.0316186
-0.0176981
-0.0184761
-0.0331806
-0.0366061
-0.0222043
-0.0193342
-0.0194213
-0.0177107
-0.014082
-0.0167185
-0.0147427
-0.0207273
-0.00113089
-0.00314982
0.018672
0.0533427
0.0533912
0.0473987
0.0485619
0.0589641
0.0617897
0.0293409
0.0576391
-0.0052051
-0.0617623
-0.0597434
-0.0524653
-0.0483778
-0.0595932
-0.0515473
-0.0399833
-0.0240577
-0.0253811
-0.0170024
-0.0204469
-0.0208983
-0.0256298
-0.0287767
-0.0434394
-0.0431752
-0.0457307
-0.0437923
-0.0534311
-0.0472919
-0.0411845
-0.0539032
-0.0525944
-0.0512942
-0.0760017
-0.100968
-0.100608
-0.0802199
-0.0799971
-0.0894366
-0.0839676
-0.0740431
-0.0718016
-0.0905307
-0.121941
0.00511416
0.0567633
0.106177
0.110616
0.100091
0.0990964
0.0995011
0.0895133
0.0880512
0.0875373
0.0823042
0.0598298
0.074037
-0.139552
-0.140868
-0.159396
-0.249481
-0.218686
-0.201943
-0.178743
-0.133976
-0.179085
-0.149608
-0.141972
-0.125757
-0.134373
-0.13363
-0.133088
-0.130213
-0.135177
-0.122022
-0.123103
-0.095537
-0.0367134
-0.0381931
-0.054673
-0.0455077
-0.0606959
-0.0581359
-0.0601828
-0.0396704
-0.0493766
-0.0609864
-0.0730622
-0.0765932
-0.0809915
-0.058803
-0.0535678
-0.0233523
-0.0736755
-0.088351
-0.0952303
-0.0935493
-0.0893157
-0.0877282
0.0545074
0.052032
0.0547048
0.062698
0.0761841
-0.132255
-0.126771
-0.132101
-0.125276
-0.140101
-0.154751
-0.163772
-0.164093
-0.147123
-0.154693
-0.151828
-0.156946
-0.179243
-0.169239
-0.200395
-0.174161
-0.174161
-0.151025
-0.0767444
-0.0760601
-0.0797083
-0.0911176
-0.093944
-0.069608
-0.0800195
-0.0693128
-0.0681656
-0.065492
-0.055536
-0.055536
-0.112155
-0.147776
-0.153145
-0.130259
-0.115489
-0.112631
-0.134119
-0.11265
-0.104291
-0.104291
-0.103686
-0.103886
-0.104332
-0.0584039
-0.00511411
-0.00240048
-0.00240048
0.0395745
0.0505834
0.0717365
-0.132357
-0.150098
-0.126652
-0.132581
-0.16218
-0.166203
-0.163289
-0.22986
-0.0257674
-0.0995865
-0.0818451
-0.102998
-0.096909
-0.0980779
-0.103183
-0.265119
-0.261071
-0.429147
-0.464785
-0.464785
-0.529888
-0.529888
-0.543023
-0.565414
-0.529206
-0.520571
-0.568566
-0.615248
-0.60053
-0.600356
-0.642397
-0.656997
-0.572056
-0.66644
-0.651487
-0.58652
-0.628009
-0.683218
-0.647813
-0.731751
-0.674661
-0.688797
-0.688797
-0.531612
-0.446712
-0.317146
-0.32213
-0.262829
-0.420283
-0.408361
-0.408437
-0.420112
-0.4175
-0.415763
-0.324421
-0.299928
-0.180572
-0.293097
-0.333207
-0.333207
-0.288776
-0.237429
-0.237465
-0.252518
-0.252349
-0.203398
-0.229587
-0.210403
-0.274384
-0.130578
-0.0648512
-0.154854
-0.121883
-0.165008
-0.062323
-0.0619365
-0.0490034
-0.0195158
-0.0476879
0.0179052
0.0331881
0.0392646
0.0128966
0.0170585
0.0101624
0.148786
0.148786
0.013071
0.125597
0.183489
0.17512
0.17621
0.188617
0.189897
0.247888
0.205493
0.155111
0.154113
0.148569
0.153966
0.10327
0.173714
0.162346
0.133966
0.104848
-0.0204264
-0.172922
-0.195992
-0.184624
-0.0190274
-0.0341424
-0.0226854
-0.0227986
-0.0126376
-0.0426584
-0.0606635
-0.0427574
-0.0213273
-0.0394407
-0.17144
-0.192665
-0.192519
-0.093844
-0.00460665
-0.000768323
0.000974263
-0.010028
-0.00498594
0.00863087
0.00680303
-0.0408063
0.00859559
0.00554084
0.0133175
0.0105712
0.0105712
-0.259125
-0.260532
-0.261858
-0.251922
-0.260326
-0.25347
-0.285106
-0.287116
-0.321005
-0.294747
-0.26501
-0.269258
-0.289026
-0.270498
-0.273988
-0.247722
-0.247958
-0.154507
-0.14116
-0.155442
-0.153614
-0.182773
-0.179004
-0.179146
-0.188231
-0.0456445
-0.0793549
-0.0922686
-0.0800635
-0.0547635
-0.00789608
-0.00795516
-0.0278375
-0.00104926
0.0513126
0.0646571
0.054604
0.0262621
0.0173964
0.0176882
0.0192713
0.0175058
0.012755
-0.0214823
-0.0228735
-0.0981012
-0.103056
0.128132
0.131186
0.132755
0.134219
0.134455
0.123077
0.224125
0.234948
0.240715
0.198595
0.196868
0.202835
0.28223
0.325384
0.253225
0.248488
0.251983
0.0727385
0.0885706
0.103739
0.12507
0.0685795
0.0965123
-0.0820295
-0.0810955
-0.0779862
-0.0778621
-0.0122673
0.00623593
-0.00598434
-0.00702131
-0.332657
-0.296701
-0.297938
-0.128401
-0.11105
-0.0575782
-0.0575782
-0.0570684
-0.0597089
-0.063943
-0.0551346
-0.100718
-0.0970082
-0.0924178
-0.0897772
-0.101479
-0.0992979
-0.0584538
-0.0510008
-0.116639
-0.103982
-0.129209
-0.126465
-0.0815814
-0.123581
-0.041914
-0.0364401
-0.0244981
0.0131921
-0.135448
-0.0829655
-0.00218852
-0.000243802
0.0162752
0.012321
-0.0403958
-0.0592586
-0.0444937
-0.0456805
-0.134709
-0.0516403
-0.0649335
-0.0575834
-0.0394141
-0.0375137
-0.145875
-0.143062
-0.177321
-0.165302
-0.12337
-0.10285
-0.103181
-0.084975
-0.060987
-0.0545606
-0.0798214
-0.148739
-0.115218
-0.0688945
0.0185475
0.0323904
0.0182778
0.0323904
-0.0962254
-0.109029
-0.106383
-0.0652096
-0.065555
-0.0951214
-0.117637
-0.117801
-0.103988
-0.126891
-0.147566
-0.189309
-0.180362
-0.218284
-0.119001
-0.119428
-0.140805
-0.00402086
0.104519
0.1146
0.127404
0.00212925
-0.0976882
-0.0686746
-0.0461213
-0.071915
-0.0901596
-0.102911
-0.102911
-0.148125
-0.177781
-0.168003
-0.185621
-0.223233
-0.216996
-0.255953
-0.283373
-0.282008
-0.241839
-0.267255
0.310536
0.310755
0.307978
0.13556
0.0772037
0.093485
0.0488491
0.0597874
0.0686932
0.0554186
-0.0310538
0.0186047
0.0163731
-0.00753561
-0.0216267
-0.259994
-0.209737
-0.221833
-0.244699
-0.23744
-0.245302
-0.247134
-0.24725
-0.141129
-0.189918
-0.210304
-0.210217
-0.324922
-0.322781
-0.322895
-0.337843
-0.350947
-0.335999
-0.313811
-0.23816
-0.239778
-0.241768
-0.24442
-0.234574
-0.244305
-0.254067
-0.252104
-0.255107
-0.253486
-0.249421
-0.217115
-0.0856362
-0.0632295
-0.0774699
-0.0771503
-0.0771503
-0.0570366
-0.027218
0.0225375
0.0180881
0.00924859
-0.0211742
0.174647
0.16738
0.186101
0.191311
-0.208197
-0.221099
-0.175867
-0.173379
-0.174144
-0.16852
-0.142819
-0.136089
-0.13479
-0.0909719
-0.11001
-0.116518
-0.096654
-0.0952179
-0.0982017
-0.0928248
-0.0858284
-0.0755964
-0.110525
-0.112546
-0.14394
-0.148037
-0.155033
-0.175147
-0.175467
-0.184221
-0.190935
-0.257232
-0.259931
-0.741104
-0.733334
-0.718103
-0.732055
-0.728559
-0.725467
-0.756117
-0.757009
-0.751628
-0.772892
-0.774325
-0.809726
-0.812239
-0.84
-0.838741
-0.838741
-0.842549
-0.456172
-0.496506
-0.41723
-0.418262
-0.422806
-0.429551
-0.374481
-0.427671
-0.427748
-0.441402
-0.454673
-0.454673
-0.697876
-0.697876
-0.687859
-0.671148
-0.516418
-0.436099
-0.439477
-0.405999
-0.471163
-0.471086
-0.477831
-0.476016
-0.478111
-0.557387
-0.501302
-0.55096
-0.561131
-0.557753
-0.503533
-0.499379
-0.0989559
-0.101538
-0.110607
-0.105547
-0.113949
-0.121272
-0.0682079
-0.136786
0.149972
0.148287
0.145171
-0.0941614
-0.0954022
-0.0863335
-0.0848873
-0.083136
-0.118255
-0.135094
-0.227548
-0.216728
-0.199813
-0.141908
-0.047874
-0.0520763
-0.0517487
-0.0553845
-0.0538017
-0.788906
-0.791023
-1.0458
-1.04986
-1.06261
-0.977162
-0.983468
-0.229553
-0.23197
-0.234212
-0.231795
-0.233035
-0.235844
-0.244401
-0.161713
-0.140991
-0.142894
-0.148323
-0.336705
-0.327283
-0.327283
-0.326051
-0.2958
-0.288923
-0.295735
-0.29865
-0.397834
-0.108468
-0.105567
0.072289
0.0712375
0.0896827
0.0897347
0.0937133
-0.197531
-0.179201
-0.195065
-0.119755
-0.129452
0.119523
0.0975001
0.094863
0.100722
0.087949
0.0938857
0.09405
0.0926946
0.0745911
-0.044159
-0.0571128
-0.0502624
-0.340581
-0.368707
-0.439855
-0.440855
-0.430684
-0.425178
-0.427358
-0.441116
-0.441116
-0.454401
-0.452221
-0.443303
-0.441576
-0.441576
-0.441576
-0.436899
-0.44123
-0.424733
-0.402153
0.19869
0.227992
0.259674
0.254642
0.253901
0.256177
0.262153
0.265355
0.21199
0.208345
0.0293438
0.0326708
0.0293438
0.022082
0.0293647
-0.0454279
-0.00867486
-0.00831427
-0.107051
-0.127115
-0.0265416
-0.0265416
-0.0544525
-0.0541495
-0.232868
-0.231156
-0.23099
-0.204527
-0.211548
-0.212979
-0.189256
-0.18936
-0.157276
-0.221037
-0.219315
-0.22059
-0.214249
-0.211714
0.0502516
0.0426617
-0.00149949
-0.00140132
-0.000253195
-0.0658318
-0.0790099
-0.0744418
-0.0732771
-0.0679736
-0.0326466
0.538775
0.533681
0.533684
0.529832
0.527362
0.542188
0.542148
0.565403
0.565599
0.595496
0.595536
0.640302
0.656803
0.584593
-0.0619718
-0.108351
-0.12712
-0.128132
-0.107444
-0.104619
-0.10336
-0.110403
-0.124667
-0.116359
-0.113245
-0.119802
-0.117594
-0.128166
-0.131936
-0.116114
-0.124475
-0.0502308
-0.0502092
-0.0455467
-0.0467832
-0.0304111
-0.0304276
0.0200839
0.0209152
0.0141274
0.00206436
-0.00143339
0.219307
0.190683
0.188689
0.0284985
0.0238649
-0.0669442
-0.0669442
-0.149668
-0.124298
-0.120663
-0.120076
-0.131876
-0.141189
-0.14029
-0.200142
-0.18362
-0.164031
-0.163099
-0.161272
-0.19376
-0.189629
-0.227206
-0.245601
-0.29483
-0.268728
-0.270186
-0.26301
-0.259012
-0.280864
-0.277654
-0.276965
-0.238799
-0.252647
-0.189072
-0.182588
-0.174934
-0.170147
-0.206805
-0.232175
-0.282586
-0.282586
-0.284065
-0.198693
-0.203872
-0.0466688
-0.0851299
0.0479622
-0.0046125
0.104394
0.015497
0.0737303
0.0737303
0.109181
0.0882732
-0.0246207
-0.152088
-0.434313
-0.432802
-0.432887
-0.435548
-0.356595
-0.358002
-0.402323
-0.402328
-0.383526
-0.336505
-0.330783
-0.329334
-0.302764
-0.38672
-0.468033
-0.426185
-0.13607
-0.0686936
-0.164079
-0.222207
-0.0947129
-0.0678382
-0.136012
-0.198805
-0.19449
-0.217507
-0.218122
-0.215015
-0.104186
-0.124009
-0.102421
-0.083263
-0.0960035
-0.0822544
-0.0815552
0.0445041
0.0460702
0.0445621
0.0424574
0.0440174
0.0912557
0.0910776
0.0386635
-0.0010555
0.000284685
-0.00812478
-0.0435117
-0.0536978
-0.0912699
-0.146944
-0.156108
-0.15787
-0.0231186
-0.0161827
-0.0306646
-0.0182605
0.00484415
-0.143847
-0.0978967
-0.0927911
0.187497
0.19422
0.225592
0.42757
0.335145
0.350221
0.216237
0.156779
0.135001
0.117486
0.106351
0.123862
0.154451
0.0301661
0.381742
0.358303
0.362124
0.422061
0.405574
0.416873
0.417748
0.407218
0.331174
0.910254
0.932658
0.92923
0.92894
0.775886
0.783187
0.779634
0.775995
0.774475
0.784277
0.216262
0.200319
0.246648
-0.0154458
-0.0369419
-0.0490499
-0.0475427
-0.0710999
0.190994
0.200692
0.226147
0.254349
0.291116
0.327693
0.422119
0.362912
0.298628
0.293651
0.289731
0.25321
0.24904
0.240319
0.237009
0.21359
0.428083
0.475368
-0.0385329
-0.0204184
-0.035991
0.00453434
0.00959016
0.0573487
0.0545438
0.0782768
0.165951
0.0727693
0.0490606
0.0511933
0.0774451
0.101154
0.0525726
0.028864
0.0661296
0.067763
0.0752731
0.0440237
0.0423903
-0.0522694
-0.0552285
-0.0478879
-0.00880074
-0.0151944
-0.0345706
0.0745914
0.0740889
0.091526
0.285166
0.213126
0.140866
0.14583
0.144082
0.137831
0.147916
0.162139
-0.356317
-0.310328
-0.298011
-0.282615
-0.250942
-0.201354
-0.207524
-0.197863
-0.186152
-0.189259
-0.248687
-0.248687
-0.18052
-0.179515
-0.179253
-0.241437
-0.20508
-0.116911
-0.169647
0.102933
0.110111
0.549068
0.55058
0.545945
0.406955
-0.0140465
-0.0140469
-0.00484692
-0.00463057
-0.00979319
-0.00979319
-0.0165975
0.0138758
0.0138801
0.0138766
-0.000679736
-0.000704681
-0.000891513
-0.00906416
-0.0394466
-0.0394466
-0.0544678
-0.058806
-0.0673021
-0.067346
-0.0420093
-0.0405582
-0.0412116
-0.0368484
-0.0329963
-0.0329956
-0.0366033
-0.0605611
-0.0456424
-0.0420347
-0.0416674
-0.0414744
-0.044813
-0.0277342
-0.0277866
-0.0153424
-0.0631828
-0.0632956
-0.0594327
-0.0525148
-0.0496188
-0.0528083
0.0616997
0.0446129
0.21975
0.210215
0.206509
0.204619
0.196103
0.168333
0.172066
0.200008
0.200472
0.15866
0.158081
0.202433
0.0272584
0.0587783
0.0637903
-0.0727476
-0.0323334
-0.0323334
-0.0323408
-0.0418982
-0.0425008
-0.0345861
-0.16452
-0.320278
-0.294413
-0.272141
-0.269271
-0.275802
-0.213567
-0.152697
-0.143382
-0.143047
-0.148738
-0.149989
-0.146166
-0.139384
-0.170746
-0.170604
-0.142854
-0.143217
-0.144125
-0.132884
-0.130765
-0.129513
-0.0433627
-0.0173628
-0.0360173
-0.00522427
0.0291678
0.0245326
-0.0136257
0.0937381
0.0957258
0.108826
0.109358
0.124907
0.126551
0.123099
0.115843
0.110214
0.0658829
0.0278097
0.0118872
0.102166
0.0891501
0.0850904
0.0878754
0.0770566
0.185985
0.213501
0.217522
0.241387
0.236242
0.230181
0.226649
0.225331
0.19653
0.229154
0.229305
0.229445
0.151368
0.151101
0.0544361
0.0528773
0.0598189
0.100612
0.145417
0.145331
0.13543
0.12781
0.143883
0.152968
0.16545
0.163565
0.173113
0.166884
0.144123
0.080862
0.102825
0.118942
0.106187
0.108099
0.109281
0.105426
0.107198
0.11295
0.107135
0.111899
0.119603
0.119603
0.119603
-0.175148
-0.197611
-0.191185
-0.20111
-0.202373
-0.19894
-0.229879
-0.248248
-0.248248
-0.247874
-0.231438
-0.230933
-0.179181
-0.176948
-0.176914
-0.170189
-0.169611
-0.0540675
-0.0995058
-0.0861768
-0.0972354
-0.059616
-0.0578807
-0.123164
-0.0873068
-0.0871552
-0.0873419
-0.0897928
-0.0897928
-0.117606
-0.115728
-0.133518
-0.0898702
-0.110627
0.035591
0.51714
0.514633
0.517447
0.498679
0.516727
0.5389
0.342181
0.339079
0.345197
0.249129
0.544824
0.587371
0.590442
0.270456
0.270456
0.258484
0.2598
0.252936
0.303076
0.318623
0.273171
0.265925
0.258246
0.223178
0.230006
0.235101
0.231153
0.282455
0.338104
-0.127955
0.0591293
0.0617892
0.0602199
0.0538444
-0.00298858
-0.0171995
-0.0132512
-0.00265639
-0.0611775
-0.0706572
-0.0696298
0.03272
-0.133684
-0.107428
-0.130058
-0.19936
-0.236803
-0.229652
-0.234414
-0.232227
-0.228558
-0.243387
-0.239485
-0.240667
-0.242943
-0.243672
-0.244049
-0.250038
-0.246975
-0.251017
-0.113577
-0.111415
-0.222808
-0.16677
-0.181318
-0.176054
-0.175678
-0.142932
-0.142574
-0.128771
-0.187815
-0.18369
-0.180323
-0.175411
-0.130279
-0.130279
-0.136543
-0.136543
-0.138269
-0.14596
-0.112497
-0.107386
-0.101465
-0.0905975
-0.0908989
-0.113462
-0.113462
-0.0848132
-0.0700165
-0.069933
-0.0595862
-0.0525462
0.594054
0.594019
0.596315
0.596315
0.598348
0.707226
0.699376
0.701633
0.741519
0.726104
0.723134
0.898267
0.859297
0.286629
0.319088
0.302428
0.302466
0.296653
0.0683859
0.0645533
0.0670399
0.018786
0.0325883
0.375884
0.378819
0.0568539
-0.0804949
-0.184632
-0.184982
-0.222645
-0.229903
-0.209636
-0.21272
-0.194537
-0.187116
-0.157739
-0.175922
-0.164642
-0.115809
-0.128009
-0.12642
-0.101293
-0.0817695
-0.0848346
-0.0861982
-0.0898614
-0.0906118
-0.0867159
-0.0631779
-0.0653773
-0.0638846
-0.0649822
-0.0354036
-0.0374586
0.0446565
0.134377
0.140745
-0.0619725
-0.0671171
-0.075616
-0.0704714
-0.137831
-0.138253
-0.13851
-0.014785
-0.012073
0.0515207
0.0152168
0.0124183
0.0094566
0.0902128
0.0913406
0.063327
0.060615
-0.0100955
0.0515159
0.115963
0.118875
0.115533
0.117594
0.11936
0.104732
0.144265
0.141387
0.276694
0.294845
0.286769
-0.0301528
-0.0102935
-0.00788983
0.00116202
-0.0201605
0.00934874
0.0104633
-0.0069201
-0.0151307
-0.0494261
-0.0406875
-0.0551209
-0.020593
-0.0107556
-0.0267241
-0.0643441
-0.0451705
-0.166856
-0.198597
-0.15637
-0.171853
-0.0125789
-0.00649026
0.0215456
0.00721204
-0.0189786
-0.0139318
-0.019446
-0.0200485
-0.0849212
-0.0886551
-0.103913
-0.0366411
-0.00924958
-0.000477284
-0.192337
0.104107
0.102798
0.0670516
0.0194725
0.0083907
0.0195396
0.156052
0.156421
0.148493
0.133054
-0.00345849
0.00828084
-0.04226
-0.1322
-0.135119
-0.129437
-0.155658
-0.160632
-0.159124
-0.145211
-0.13167
-0.0982415
0.00585903
0.00579528
0.0299905
0.0302231
0.0272579
0.000148593
-0.00572011
-0.0205518
-0.0228104
-0.000411434
0.018969
0.0213995
0.0306375
0.00853895
0.00660326
-0.00244835
-0.00127355
0.00777806
0.0146769
-0.0175002
-0.0020764
-0.0738657
-0.0429984
-0.0436056
0.0114154
0.0114154
0.00477899
0.00817099
0.0382965
0.0311148
0.0173859
0.01038
0.00683875
0.00666615
0.00958421
0.00772109
0.0124517
0.0170316
0.012301
0.00529957
-0.0442508
-0.12472
-0.125234
-0.123371
-0.120079
-0.348535
-0.345096
-0.296652
-0.403591
-0.399864
0.123807
0.267582
0.28437
0.275255
0.279415
0.286112
0.278852
0.25521
0.248513
0.28226
0.288957
0.289678
0.294005
0.295554
0.28675
-0.151599
-0.129119
-0.148128
-0.147823
-0.177641
-0.162389
-0.16179
-0.186897
0.247809
0.249013
0.270409
0.389667
0.387326
0.402871
0.399748
0.397682
0.397644
0.385872
0.387932
0.389384
0.399708
0.38005
0.380756
0.301148
0.264212
0.258181
0.270597
0.269542
0.354541
-0.382561
-0.389058
-0.385454
-0.375656
-0.363539
-0.339959
-0.315338
-0.319159
-0.319728
-0.319728
-0.360196
-0.361091
-0.335041
-0.326513
-0.328218
-0.312512
-0.309544
-0.30899
-0.308619
-0.304682
-0.0337767
-0.0218066
-0.0364754
-0.0617528
-0.0778361
-0.0771551
-0.0896739
-0.111962
-0.176722
-0.18288
-0.169587
-0.17292
-0.16442
-0.164977
-0.164977
-0.235483
-0.292706
-0.323983
-0.29936
-0.302348
-0.251324
-0.376721
-0.352983
-0.342354
-0.311401
-0.211957
-0.152172
-0.153135
0.0256216
0.050362
0.0786186
0.0774337
0.0993378
0.15226
0.135447
0.136612
0.135872
0.126059
0.0589503
0.118157
-0.145043
-0.145363
-0.103582
-0.172816
-0.169069
-0.193257
-0.190278
-0.188144
-0.189739
-0.197484
-0.198356
-0.199058
-0.212466
-0.0579718
-0.0623613
-0.143835
-0.138183
-0.124328
-0.0737246
-0.0760419
-0.0733505
-0.0725725
-0.0377398
-0.0319982
-0.0311682
0.024406
0.0310113
0.051729
0.018506
0.0525334
0.0187084
0.0197982
0.00494668
-0.00165858
0.0266091
0.0564936
0.137552
0.245826
0.164682
0.16434
0.0352678
0.0588964
0.0656411
0.0676121
0.0245326
0.0575608
0.0653525
0.0562089
0.0487883
0.0855425
0.0721027
0.0669006
0.0262856
0.0367346
0.0117787
0.0158555
0.0838402
0.0639487
0.0596283
0.0332216
0.0200588
0.0257306
0.0456942
-0.0412841
-0.0657717
-0.0679707
-0.035622
0.0406572
0.00581317
-0.029145
-0.0198664
0.0123009
-0.0658857
-0.0687324
-0.14699
-0.113309
-0.150953
-0.0949516
-0.042225
-0.0423495
-0.045577
-0.036131
-0.0447351
-0.0320591
0.40304
0.392579
0.430589
0.485424
0.487218
0.465044
0.470416
0.444045
0.444045
0.457788
0.468987
0.530024
0.568959
0.479871
0.526635
0.520666
0.518674
0.484142
0.471193
0.500252
0.521902
0.489782
0.484805
0.493259
0.602792
0.598709
0.769589
0.85895
0.695276
0.909261
0.693537
0.696739
0.711044
0.694256
0.682188
0.718279
0.755137
0.691669
0.692582
0.716499
0.772801
0.772684
0.739672
0.753727
0.699609
0.690751
0.583915
0.749856
0.719129
0.703173
0.763682
0.635051
0.631992
0.709176
0.682492
0.689632
0.684652
0.1898
0.187166
0.211417
-0.171459
-0.0677725
-0.0628409
-0.0601006
0.10909
7.45462e-05
-0.240623
-0.240623
-0.297279
-0.384226
-0.387831
-0.412611
-0.243968
-0.173174
-0.0902857
-0.0929278
-0.162554
-0.168532
-0.168082
-0.168946
-0.158406
-0.154801
-0.154801
-0.114647
-0.111175
-0.126897
-0.093024
-0.093024
-0.0995351
-0.0649612
-0.0760138
-0.156296
-0.323427
-0.201629
-0.323427
-0.324527
-0.307426
-0.279808
-0.279183
-0.345509
-0.287171
-0.286306
-0.280337
-0.241734
-0.241676
-0.245249
-0.254155
-0.258104
-0.387778
-0.427108
-0.446218
-0.446536
-0.457076
0.716439
0.668463
0.625966
0.604358
0.561601
0.616015
-0.335172
-0.344337
-0.396314
-0.381832
-0.383067
-0.378538
-0.374927
-0.395403
0.421089
0.413723
0.414129
0.38621
0.385444
0.0679881
-0.0364162
-0.0782176
-0.0777679
-0.0489406
-0.0426201
-0.0446776
-0.0470148
-0.045517
-0.0408058
-0.0620373
-0.106461
-0.111844
-0.151629
-0.365243
-0.356551
-0.36637
-0.172191
-0.112696
-0.159223
-0.154139
-0.184195
-0.295446
-0.205893
-0.218368
-0.224038
-0.371482
-0.382026
-0.358689
-0.281884
-0.447532
-0.422566
-0.410705
-0.44205
-0.47082
-0.465444
-0.477586
-0.42147
-0.42409
-0.359321
-0.358913
-0.367222
-0.399543
-0.417908
-0.52439
-0.503453
-0.218001
-0.218001
-0.228925
-0.215926
-0.434951
-0.286979
-0.356579
-0.33051
-0.478482
-0.202747
-0.340539
-0.387103
-0.357253
-0.282885
-0.252918
-0.252322
-0.274322
-0.0191806
-0.0130581
0.0208664
0.019413
-0.0145114
-0.0592788
-0.102704
-0.102523
-0.105331
-0.112344
-0.112047
-0.121051
0.00942434
0.0300386
0.0191016
-0.0245144
-0.0672965
-0.0622528
-0.165802
-0.117835
-0.115615
0.00150545
-0.0124903
-0.0274555
-0.0257112
0.0765018
0.0850651
0.0875738
0.0221747
0.0218821
0.0238313
0.0259298
0.0245599
-0.154765
-0.163912
-0.165192
-0.180379
-0.00263515
0.0106552
0.0178404
-0.00345326
0.00029887
-0.11219
-0.0294044
-0.0330335
-0.0327221
-0.0315265
-0.0298793
-0.071131
-0.0746352
-0.0719915
-0.0656791
-0.0657146
-0.0771449
-0.0781492
-0.0789909
-0.0789996
-0.0716559
-0.0770192
-0.0769266
-0.0691167
-0.0697783
-0.0717013
-0.0646212
-0.0632356
-0.063212
-0.0547267
-0.0572607
-0.0491234
-0.0690213
-0.0690213
-0.0378112
-0.0392576
-0.0237193
-0.0300247
0.0300009
0.0300878
0.0301249
0.00718268
0.0073754
0.0132764
-0.0493919
-0.026441
-0.0297068
-0.0272207
-0.0336662
-0.035131
-0.0527212
-0.0544466
-0.0551
0.0284308
0.0337412
0.0960527
0.114552
0.122843
0.120049
0.114033
0.11178
0.0155609
0.00664585
0.371976
0.371898
-0.0847106
-0.0715576
-0.00809337
-0.00870888
-0.0438849
-0.0376514
-0.0367526
-0.0532897
-0.0606595
-0.0638563
-0.0619011
0.090267
0.0623984
0.0682961
0.0668733
0.0542107
-0.254099
-0.170212
-0.154684
-0.156245
-0.135091
-0.138374
-0.109431
-0.222934
-0.268963
-0.281938
-0.276863
-0.199483
-0.219429
-0.204386
-0.251122
-0.222109
-0.251342
-0.257868
-0.270177
-0.143241
-0.134147
-0.224917
-0.217976
-0.216372
-0.183303
-0.181408
-0.192356
-0.197591
-0.176342
-0.117678
-0.120721
-0.123412
-0.12086
-0.115585
-0.136634
-0.21706
-0.239373
-0.35436
-0.261234
-0.258455
-0.0251946
-0.165613
-0.164986
-0.152737
-0.0682556
-0.059783
-0.135175
-0.157358
-0.234185
-0.42279
-0.42051
-0.420149
-0.419835
-0.423711
-0.410805
-0.413368
-0.328858
-0.346648
-0.343684
-0.333621
-0.275827
-0.304097
-0.305601
-0.274022
-0.278234
-0.243559
-0.0325204
-0.0339014
0.00125513
-0.0200772
0.146723
0.129099
0.140967
0.140818
0.20222
0.185022
0.184614
0.196988
0.201274
0.205068
0.171091
0.170279
0.170651
0.186359
0.24406
0.218495
0.215917
0.216324
0.133995
0.133995
0.140573
0.160608
0.150595
0.309421
0.243715
0.295155
0.246835
0.239904
0.189935
0.185794
0.185911
0.229047
0.274874
0.255947
0.285387
0.284199
0.277678
0.269787
0.274743
0.247843
0.236619
0.18219
0.202389
0.034372
0.00903689
-0.198676
-0.195626
-0.221357
-0.200085
-0.409125
-0.409125
-0.0965747
-0.0443324
-0.0410484
-0.0212307
-0.0388093
-0.0482136
-0.0871232
-0.0152486
-0.0301859
0.00795405
0.00941594
-0.00867646
-0.00226377
-0.00180458
-0.00180458
0.0171557
0.0168631
-0.205613
-0.23158
-0.229905
-0.188724
-0.213506
-0.211717
-0.327041
-0.274267
-0.280924
-0.296159
-0.292228
-0.282325
-0.274569
-0.262511
-0.257266
-0.255578
-0.264019
-0.260633
-0.267283
-0.26377
-0.244559
-0.118008
-0.130234
-0.125908
-0.125908
-0.119261
-0.120251
-0.0631468
-0.0738436
-0.0855951
-0.0777275
-0.0166324
-0.00987948
0.0570309
0.058852
-0.134097
-0.133665
0.0570364
0.122995
0.123
0.148999
0.0341267
0.0746767
0.07508
0.0628585
0.070511
0.161757
0.257693
0.286728
0.306046
0.292018
0.319342
0.247868
0.166657
0.157557
0.129787
0.00874511
-0.0832832
-0.161945
-0.222809
-0.242358
-0.242358
-0.287806
-0.271111
-0.236649
-0.25983
-0.256446
-0.415278
-0.533811
-0.470774
-0.448788
-0.386643
-0.381098
-0.377009
-0.380896
-0.384547
-0.413295
-0.434039
-0.434184
-0.434111
-0.480655
-0.47001
-0.473443
-0.473443
0.336998
0.362106
0.356566
0.39782
0.377861
0.378899
0.373946
0.369141
0.344976
0.367761
0.365893
0.366477
0.363832
0.359999
0.361199
0.349231
0.351719
0.346802
0.358624
0.358065
0.395442
0.409114
0.406923
0.400249
0.402051
0.412171
0.431799
0.433374
0.415433
0.483411
0.480271
0.503964
0.475021
0.45917
0.434713
0.434369
0.416603
0.249553
0.458014
0.42293
0.420891
0.38186
0.427384
0.431171
0.451379
0.492292
0.500076
0.518132
0.514961
0.537664
0.487307
0.537454
0.395888
0.402433
-0.0669861
-0.0891483
-0.0891728
0.0523937
0.107637
0.099292
0.0986905
0.0836272
0.0781667
0.0895315
0.0883433
0.0953353
0.0920116
0.10135
0.0988267
0.0991365
0.0941902
0.09385
0.158
0.143128
0.0805664
0.098025
0.0880992
0.0889945
0.0901164
0.0903051
0.0885819
0.0617948
0.0586428
0.0714703
-0.00818236
-0.0102456
-0.0135169
-0.0194925
0.00115481
0.00785905
0.0165531
0.0161944
0.00440512
0.0397798
0.0400042
0.0400042
0.0401034
0.0340794
0.0340794
0.031241
0.0336638
0.0284255
0.02808
0.023868
0.0235936
0.0266067
0.0272557
0.0221701
0.0221831
0.0139069
0.0199309
0.0251792
0.0188482
0.0224791
0.0211381
0.0241686
0.0245141
0.044729
0.0447173
0.0447167
0.0367844
0.00370492
0.00350215
0.0613174
-0.0844741
0.0899755
0.098224
0.0981118
0.0981118
0.10092
0.100482
0.100483
0.0968513
0.0787232
-0.490313
-0.501252
-0.877418
-0.879569
-0.866269
-0.858689
-0.834946
-0.797099
-0.794764
-0.807133
-0.821904
-0.848334
-0.833306
-0.834029
-0.832267
-0.865262
-0.864006
-0.889906
-0.69549
-0.685
-0.520827
-0.490614
-0.492426
-0.492552
-0.498772
-0.496086
-0.468902
-0.36542
-0.36808
-0.36808
-0.473137
-0.473419
-0.465302
-0.493361
-0.430846
-0.396617
-0.392471
-0.537402
-0.537402
-0.505245
-0.501679
-0.041835
-0.0500619
0.0444251
0.0307679
0.0992752
0.10606
0.105485
0.0692271
0.0713803
0.083631
0.150599
-0.144821
-0.0774801
-0.0711717
-0.0387954
-0.03567
-0.0444281
-0.0336296
-0.0531122
-0.0478868
-0.0313003
-0.0451686
-0.0390716
-0.0239469
-0.0241586
-0.0291446
-0.0253987
-0.0246607
-0.0242486
-0.0421564
-0.0422125
-0.0255641
-0.0443089
0.13572
0.163584
0.163955
0.164635
0.199803
0.0195233
-0.00152082
-0.745395
0.153123
0.158287
0.158135
0.160209
0.0693609
0.0778013
0.0788607
0.0790023
0.0670356
0.0307008
0.0335598
0.0336948
0.0715044
0.538155
0.572023
0.572638
0.507498
0.506607
0.478683
0.473498
0.471267
0.45151
0.449875
0.472171
0.0220012
0.020856
0.0317928
0.0657575
0.0590928
-0.00207344
-0.0011496
0.0127019
-0.0129707
0.00593718
0.0030604
0.00499886
-0.0185955
-0.0411278
-0.0428673
-0.129454
-0.147983
-0.10843
-0.104344
-0.112723
-0.108695
-0.125929
-0.130015
-0.13623
-0.124028
-0.125933
-0.12042
-0.11315
